/*--------------------------------*- C++ -*----------------------------------*\
| =========                 |                                                 |
| \\      /  F ield         | OpenFOAM: The Open Source CFD Toolbox           |
|  \\    /   O peration     | Version:  v2012                                 |
|   \\  /    A nd           | Website:  www.openfoam.com                      |
|    \\/     M anipulation  |                                                 |
\*---------------------------------------------------------------------------*/
FoamFile
{
    version     2.0;
    format      ascii;
    class       surfaceScalarField;
    location    "0.4";
    object      phi;
}
// * * * * * * * * * * * * * * * * * * * * * * * * * * * * * * * * * * * * * //

dimensions      [0 3 -1 0 0 0 0];
oriented        oriented;


internalField   nonuniform List<scalar> 
4660
(
1.99009e-05
-2.70897e-10
1.99013e-05
-2.9159e-09
1.99011e-05
-1.43363e-09
1.99011e-05
9.05901e-11
1.99007e-05
1.53717e-09
1.99004e-05
1.1507e-09
1.99005e-05
7.89862e-10
1.9901e-05
-5.58802e-10
1.99021e-05
-2.02584e-09
1.99037e-05
-4.11517e-09
1.99047e-05
-5.0521e-09
1.99042e-05
-4.66586e-09
1.99006e-05
-1.51293e-09
1.98959e-05
2.33277e-09
1.98902e-05
6.92721e-09
1.98838e-05
1.02014e-08
1.98777e-05
1.20387e-08
1.98724e-05
1.22392e-08
1.98681e-05
1.1709e-08
1.09172e-08
1.98646e-05
2.16598e-05
-2.81452e-10
2.16583e-05
-1.44285e-09
2.16586e-05
-1.74138e-09
2.16596e-05
-8.94448e-10
2.16603e-05
9.05365e-10
2.16598e-05
1.59928e-09
2.16596e-05
1.01333e-09
2.16594e-05
-3.52177e-10
2.16583e-05
-9.86432e-10
2.16554e-05
-1.19056e-09
2.16506e-05
-1.97306e-10
2.16433e-05
2.57765e-09
2.1636e-05
5.8173e-09
2.16299e-05
8.413e-09
2.16267e-05
1.01176e-08
2.16257e-05
1.12609e-08
2.16263e-05
1.1449e-08
2.16278e-05
1.06446e-08
2.16302e-05
9.3933e-09
8.21049e-09
2.16329e-05
2.35745e-05
-2.56143e-10
2.35732e-05
-1.7093e-10
2.35727e-05
-1.24168e-09
2.35736e-05
-1.75092e-09
2.35749e-05
-4.42057e-10
2.35745e-05
1.9681e-09
2.35736e-05
1.96547e-09
2.35718e-05
1.4491e-09
2.35693e-05
1.4998e-09
2.35656e-05
2.51694e-09
2.35611e-05
4.28708e-09
2.35569e-05
6.78937e-09
2.35537e-05
9.00291e-09
2.35516e-05
1.05557e-08
2.35504e-05
1.12676e-08
2.35503e-05
1.13885e-08
2.35505e-05
1.12668e-08
2.3551e-05
1.0099e-08
2.35518e-05
8.62283e-09
7.26985e-09
2.35527e-05
2.56582e-05
-6.17611e-11
2.56584e-05
-2.8754e-10
2.56575e-05
-3.37178e-10
2.56565e-05
-8.18271e-10
2.5657e-05
-9.53556e-10
2.56579e-05
1.15837e-09
2.56568e-05
3.04411e-09
2.56542e-05
4.02408e-09
2.56509e-05
4.74694e-09
2.56475e-05
5.93649e-09
2.56441e-05
7.72667e-09
2.56412e-05
9.69293e-09
2.56388e-05
1.13578e-08
2.56371e-05
1.23337e-08
2.56359e-05
1.24227e-08
2.56355e-05
1.18316e-08
2.56361e-05
1.06314e-08
2.56371e-05
9.04454e-09
2.56385e-05
7.29819e-09
6.03767e-09
2.56397e-05
2.79265e-05
3.5362e-11
2.79265e-05
-2.68082e-10
2.79261e-05
8.16008e-12
2.79248e-05
5.61061e-10
2.79238e-05
3.45793e-11
2.79242e-05
7.31361e-10
2.79239e-05
3.39926e-09
2.79216e-05
6.2752e-09
2.79184e-05
7.97165e-09
2.79151e-05
9.25153e-09
2.79123e-05
1.05045e-08
2.79102e-05
1.18105e-08
2.79087e-05
1.27962e-08
2.79078e-05
1.32642e-08
2.79076e-05
1.26024e-08
2.7908e-05
1.14969e-08
2.79086e-05
9.9844e-09
2.79094e-05
8.28038e-09
2.79101e-05
6.60868e-09
5.25389e-09
2.79108e-05
3.03952e-05
6.35705e-11
3.03948e-05
1.49068e-10
3.03946e-05
2.56935e-10
3.03939e-05
1.19734e-09
3.03924e-05
1.54447e-09
3.03911e-05
2.07227e-09
3.03905e-05
4.00186e-09
3.03896e-05
7.17982e-09
3.03873e-05
1.02146e-08
3.03846e-05
1.20169e-08
3.03823e-05
1.27747e-08
3.03809e-05
1.31739e-08
3.03805e-05
1.32675e-08
3.03809e-05
1.28825e-08
3.03815e-05
1.2007e-08
3.03821e-05
1.08453e-08
3.03827e-05
9.38542e-09
3.03832e-05
7.80691e-09
3.03835e-05
6.28121e-09
5.04508e-09
3.03837e-05
3.30821e-05
1.56847e-10
3.30818e-05
4.63631e-10
3.30812e-05
7.88323e-10
3.30807e-05
1.71573e-09
3.30794e-05
2.85091e-09
3.30775e-05
4.01137e-09
3.3076e-05
5.46533e-09
3.30753e-05
7.85272e-09
3.30748e-05
1.07929e-08
3.30734e-05
1.3371e-08
3.3072e-05
1.41546e-08
3.30712e-05
1.40039e-08
3.30712e-05
1.32512e-08
3.30718e-05
1.22881e-08
3.30725e-05
1.12678e-08
3.30732e-05
1.01631e-08
3.30738e-05
8.8163e-09
3.30741e-05
7.45708e-09
3.30742e-05
6.17203e-09
5.03079e-09
3.30743e-05
3.60064e-05
2.93092e-10
3.60061e-05
7.75006e-10
3.60055e-05
1.45557e-09
3.60047e-05
2.51414e-09
3.60037e-05
3.81993e-09
3.60021e-05
5.57859e-09
3.60004e-05
7.16688e-09
3.59995e-05
8.79566e-09
3.59994e-05
1.0856e-08
3.59997e-05
1.3063e-08
3.59994e-05
1.44599e-08
3.59991e-05
1.42968e-08
3.5999e-05
1.33713e-08
3.59993e-05
1.20257e-08
3.59999e-05
1.05956e-08
3.60007e-05
9.40883e-09
3.60014e-05
8.11408e-09
3.60019e-05
6.94695e-09
3.60021e-05
5.95779e-09
5.10025e-09
3.60021e-05
3.91894e-05
4.38606e-10
3.9189e-05
1.1727e-09
3.91883e-05
2.09292e-09
3.91874e-05
3.45153e-09
3.91864e-05
4.76482e-09
3.91855e-05
6.51368e-09
3.91843e-05
8.40088e-09
3.91833e-05
9.79651e-09
3.91831e-05
1.1015e-08
3.91838e-05
1.23562e-08
3.91847e-05
1.35904e-08
3.9185e-05
1.39548e-08
3.91852e-05
1.31831e-08
3.91854e-05
1.18012e-08
3.91858e-05
1.02114e-08
3.91866e-05
8.66975e-09
3.91872e-05
7.49411e-09
3.91876e-05
6.4987e-09
3.91879e-05
5.70478e-09
5.13986e-09
3.91879e-05
4.26537e-05
5.71066e-10
4.26532e-05
1.63688e-09
4.26526e-05
2.69525e-09
4.26518e-05
4.23952e-09
4.26509e-05
5.70369e-09
4.26502e-05
7.21452e-09
4.26496e-05
8.93503e-09
4.26491e-05
1.03593e-08
4.26489e-05
1.12129e-08
4.26494e-05
1.18299e-08
4.26506e-05
1.24168e-08
4.26517e-05
1.27849e-08
4.26525e-05
1.24608e-08
4.26528e-05
1.1459e-08
4.2653e-05
9.99641e-09
4.26532e-05
8.50747e-09
4.26535e-05
7.15297e-09
4.26539e-05
6.09862e-09
4.26542e-05
5.41697e-09
4.94407e-09
4.26544e-05
4.64242e-05
7.14963e-10
4.64238e-05
2.05679e-09
4.64232e-05
3.30299e-09
4.64226e-05
4.84014e-09
4.64218e-05
6.41251e-09
4.64214e-05
7.70256e-09
4.64212e-05
9.10861e-09
4.64212e-05
1.03525e-08
4.64213e-05
1.10786e-08
4.64217e-05
1.14021e-08
4.64227e-05
1.14956e-08
4.6424e-05
1.147e-08
4.64252e-05
1.12909e-08
4.6426e-05
1.0664e-08
4.64262e-05
9.69763e-09
4.64264e-05
8.3811e-09
4.64264e-05
7.14786e-09
4.64264e-05
6.07191e-09
4.64266e-05
5.22196e-09
4.78035e-09
4.64268e-05
5.0528e-05
8.60645e-10
5.05277e-05
2.41094e-09
5.05272e-05
3.80803e-09
5.05267e-05
5.25106e-09
5.05264e-05
6.79207e-09
5.05261e-05
7.97188e-09
5.05262e-05
9.05222e-09
5.05265e-05
9.99485e-09
5.0527e-05
1.06155e-08
5.05276e-05
1.0777e-08
5.05284e-05
1.0712e-08
5.05294e-05
1.04624e-08
5.05306e-05
1.00905e-08
5.05316e-05
9.64161e-09
5.05324e-05
8.95244e-09
5.05326e-05
8.11659e-09
5.05326e-05
7.12869e-09
5.05326e-05
6.14204e-09
5.05325e-05
5.30148e-09
4.68711e-09
5.05326e-05
5.49946e-05
9.8458e-10
5.49944e-05
2.64808e-09
5.49941e-05
4.1479e-09
5.49938e-05
5.51866e-09
5.49937e-05
6.86925e-09
5.49937e-05
7.95168e-09
5.4994e-05
8.79328e-09
5.49945e-05
9.46109e-09
5.49953e-05
9.86547e-09
5.49961e-05
9.99621e-09
5.49969e-05
9.84251e-09
5.49978e-05
9.56004e-09
5.49988e-05
9.11926e-09
5.49998e-05
8.66352e-09
5.50006e-05
8.11089e-09
5.50013e-05
7.49069e-09
5.50016e-05
6.81452e-09
5.50016e-05
6.10801e-09
5.50016e-05
5.33784e-09
4.73278e-09
5.50015e-05
5.98562e-05
1.05093e-09
5.9856e-05
2.78969e-09
5.98559e-05
4.2841e-09
5.98558e-05
5.56856e-09
5.9856e-05
6.72308e-09
5.98563e-05
7.64066e-09
5.98568e-05
8.29074e-09
5.98574e-05
8.80145e-09
5.98583e-05
9.02502e-09
5.98592e-05
9.07282e-09
5.98601e-05
8.91154e-09
5.98611e-05
8.6277e-09
5.9862e-05
8.23646e-09
5.98629e-05
7.75179e-09
5.98637e-05
7.27135e-09
5.98644e-05
6.76303e-09
5.9865e-05
6.24069e-09
5.98654e-05
5.74287e-09
5.98655e-05
5.23805e-09
4.68249e-09
5.98655e-05
6.51474e-05
1.05734e-09
6.51474e-05
2.79647e-09
6.51475e-05
4.20775e-09
6.51477e-05
5.38896e-09
6.5148e-05
6.3634e-09
6.51485e-05
7.12163e-09
6.51492e-05
7.5974e-09
6.51501e-05
7.96498e-09
6.5151e-05
8.11461e-09
6.5152e-05
8.06899e-09
6.5153e-05
7.90418e-09
6.5154e-05
7.65737e-09
6.51549e-05
7.31137e-09
6.51557e-05
6.90298e-09
6.51566e-05
6.44712e-09
6.51573e-05
6.03055e-09
6.51579e-05
5.60144e-09
6.51585e-05
5.19868e-09
6.51589e-05
4.83132e-09
4.46101e-09
6.51591e-05
7.09064e-05
1.00195e-09
7.09065e-05
2.65554e-09
7.09068e-05
3.93431e-09
7.09072e-05
4.9764e-09
7.09078e-05
5.79345e-09
7.09085e-05
6.39834e-09
7.09094e-05
6.75783e-09
7.09103e-05
6.98896e-09
7.09114e-05
7.08603e-09
7.09124e-05
7.02312e-09
7.09135e-05
6.84432e-09
7.09145e-05
6.62798e-09
7.09154e-05
6.35817e-09
7.09163e-05
6.04068e-09
7.09171e-05
5.67141e-09
7.09178e-05
5.28763e-09
7.09185e-05
4.91856e-09
7.09191e-05
4.57409e-09
7.09197e-05
4.27103e-09
3.98917e-09
7.09202e-05
7.71745e-05
8.92098e-10
7.71747e-05
2.36429e-09
7.71752e-05
3.47486e-09
7.71758e-05
4.34261e-09
7.71766e-05
5.01036e-09
7.71775e-05
5.49556e-09
7.71785e-05
5.77402e-09
7.71796e-05
5.91503e-09
7.71807e-05
5.96066e-09
7.71818e-05
5.90091e-09
7.71829e-05
5.74179e-09
7.7184e-05
5.52891e-09
7.71851e-05
5.29695e-09
7.71861e-05
5.05463e-09
7.7187e-05
4.795e-09
7.71877e-05
4.5118e-09
7.71884e-05
4.21854e-09
7.71891e-05
3.93239e-09
7.71897e-05
3.6711e-09
3.43203e-09
7.71902e-05
8.39966e-05
7.30074e-10
8.3997e-05
1.92622e-09
8.39977e-05
2.83433e-09
8.39985e-05
3.52412e-09
8.39995e-05
4.04224e-09
8.40005e-05
4.41649e-09
8.40017e-05
4.63076e-09
8.40029e-05
4.72087e-09
8.40041e-05
4.7399e-09
8.40053e-05
4.70112e-09
8.40064e-05
4.59605e-09
8.40075e-05
4.4328e-09
8.40086e-05
4.24182e-09
8.40096e-05
4.0425e-09
8.40106e-05
3.83595e-09
8.40115e-05
3.6159e-09
8.40123e-05
3.38607e-09
8.40131e-05
3.15827e-09
8.40138e-05
2.94504e-09
2.76008e-09
8.40145e-05
9.14218e-05
5.40364e-10
9.14223e-05
1.39465e-09
9.14231e-05
2.04296e-09
9.14241e-05
2.53599e-09
9.14252e-05
2.90092e-09
9.14265e-05
3.1648e-09
9.14278e-05
3.32658e-09
9.14291e-05
3.39594e-09
9.14304e-05
3.40649e-09
9.14318e-05
3.37911e-09
9.1433e-05
3.31478e-09
9.14343e-05
3.2123e-09
9.14354e-05
3.08337e-09
9.14365e-05
2.944e-09
9.14376e-05
2.80182e-09
9.14385e-05
2.65597e-09
9.14394e-05
2.50362e-09
9.14402e-05
2.34732e-09
9.1441e-05
2.19355e-09
2.04755e-09
9.14417e-05
9.95034e-05
9.95041e-05
9.95051e-05
9.95063e-05
9.95076e-05
9.9509e-05
9.95104e-05
9.95119e-05
9.95134e-05
9.95148e-05
9.95162e-05
9.95176e-05
9.95188e-05
9.95201e-05
9.95212e-05
9.95223e-05
9.95233e-05
9.95242e-05
9.95251e-05
9.95259e-05
1.98529e-05
1.16623e-08
1.98397e-05
1.31713e-08
1.98247e-05
1.50289e-08
1.98077e-05
1.69834e-08
1.97889e-05
1.88235e-08
1.97685e-05
2.03436e-08
1.97471e-05
2.14534e-08
1.9725e-05
2.21124e-08
1.97025e-05
2.2433e-08
1.96799e-05
2.26228e-08
1.96571e-05
2.28053e-08
1.96341e-05
2.30535e-08
1.96107e-05
2.33549e-08
1.9587e-05
2.37263e-08
1.95628e-05
2.42188e-08
1.9538e-05
2.47535e-08
1.95127e-05
2.52937e-08
1.94869e-05
2.57916e-08
1.94607e-05
2.62101e-08
1.94341e-05
2.66351e-08
1.9407e-05
2.70293e-08
1.93796e-05
2.74547e-08
1.93516e-05
2.79482e-08
1.93232e-05
2.84139e-08
1.92943e-05
2.89585e-08
1.92647e-05
2.95521e-08
1.92346e-05
3.0123e-08
1.92038e-05
3.08248e-08
1.91723e-05
3.14762e-08
1.91402e-05
3.20661e-08
1.91076e-05
3.26505e-08
1.90745e-05
3.30691e-08
1.9041e-05
3.34868e-08
1.90071e-05
3.39319e-08
1.8973e-05
3.40493e-08
1.89388e-05
3.42237e-08
1.89042e-05
3.45722e-08
1.88694e-05
3.4866e-08
1.88339e-05
3.54702e-08
1.87973e-05
3.65575e-08
1.87597e-05
3.76128e-08
1.87208e-05
3.89853e-08
1.868e-05
4.07392e-08
1.8638e-05
4.20594e-08
1.85952e-05
4.2711e-08
1.85521e-05
4.30984e-08
1.85093e-05
4.28087e-08
1.84675e-05
4.18066e-08
1.84267e-05
4.08219e-08
1.83864e-05
4.02903e-08
1.83455e-05
4.09388e-08
1.83021e-05
4.33961e-08
1.82557e-05
4.63403e-08
1.82082e-05
4.75894e-08
1.81603e-05
4.78922e-08
1.81116e-05
4.86384e-08
1.8062e-05
4.9608e-08
1.80119e-05
5.00752e-08
1.79607e-05
5.12013e-08
1.7908e-05
5.27013e-08
1.78548e-05
5.32585e-08
1.78018e-05
5.30187e-08
1.77478e-05
5.39482e-08
1.7692e-05
5.57665e-08
1.76357e-05
5.63471e-08
1.75798e-05
5.59321e-08
1.7523e-05
5.67717e-08
1.74636e-05
5.9353e-08
1.74029e-05
6.0758e-08
1.7343e-05
5.99097e-08
1.72837e-05
5.92707e-08
1.72221e-05
6.15742e-08
1.71568e-05
6.53497e-08
1.70902e-05
6.6532e-08
1.70261e-05
6.40999e-08
1.69648e-05
6.13137e-08
1.69022e-05
6.26251e-08
1.68338e-05
6.83639e-08
1.67595e-05
7.43258e-08
1.66842e-05
7.52934e-08
1.66157e-05
6.85162e-08
1.65602e-05
5.55364e-08
1.65203e-05
3.98594e-08
1.64951e-05
2.52527e-08
1.6481e-05
1.40657e-08
1.64745e-05
6.52766e-09
1.64721e-05
2.37258e-09
1.64718e-05
3.19962e-10
1.64722e-05
-4.66026e-10
1.64728e-05
-5.31857e-10
1.64733e-05
-5.7457e-10
1.64737e-05
-3.09644e-10
1.64739e-05
-2.83873e-10
1.64741e-05
-1.38826e-10
1.64742e-05
-1.3228e-10
1.64742e-05
2.52495e-11
1.64743e-05
-1.41122e-10
1.64742e-05
1.44726e-10
1.64743e-05
-1.01412e-10
4.07611e-10
2.16362e-05
8.34972e-09
2.164e-05
9.40531e-09
2.16438e-05
1.11941e-08
2.16473e-05
1.34222e-08
2.16504e-05
1.58087e-08
2.16527e-05
1.80311e-08
2.16543e-05
1.98601e-08
2.16552e-05
2.1154e-08
2.16558e-05
2.19058e-08
2.16561e-05
2.22655e-08
2.16565e-05
2.24076e-08
2.16571e-05
2.25042e-08
2.16577e-05
2.26643e-08
2.16585e-05
2.29438e-08
2.16593e-05
2.34184e-08
2.166e-05
2.40385e-08
2.16606e-05
2.47179e-08
2.1661e-05
2.53943e-08
2.16612e-05
2.59841e-08
2.16613e-05
2.65297e-08
2.16614e-05
2.70116e-08
2.16613e-05
2.74841e-08
2.16613e-05
2.80299e-08
2.16611e-05
2.85406e-08
2.1661e-05
2.91066e-08
2.16608e-05
2.97591e-08
2.16605e-05
3.03727e-08
2.16602e-05
3.11017e-08
2.16599e-05
3.18374e-08
2.16595e-05
3.24919e-08
2.1659e-05
3.31301e-08
2.16584e-05
3.36218e-08
2.16578e-05
3.40865e-08
2.16572e-05
3.46025e-08
2.16564e-05
3.48389e-08
2.16555e-05
3.51051e-08
2.16545e-05
3.55513e-08
2.16534e-05
3.59746e-08
2.16521e-05
3.6724e-08
2.16507e-05
3.79795e-08
2.16492e-05
3.91845e-08
2.16475e-05
4.06237e-08
2.16458e-05
4.24235e-08
2.16441e-05
4.378e-08
2.16424e-05
4.43758e-08
2.16408e-05
4.47182e-08
2.16391e-05
4.4525e-08
2.16372e-05
4.36768e-08
2.16351e-05
4.29133e-08
2.16326e-05
4.27978e-08
2.16297e-05
4.38768e-08
2.16265e-05
4.65595e-08
2.16233e-05
4.96158e-08
2.162e-05
5.08869e-08
2.16168e-05
5.10874e-08
2.16136e-05
5.18143e-08
2.16102e-05
5.30488e-08
2.16065e-05
5.37702e-08
2.16027e-05
5.49774e-08
2.15988e-05
5.65723e-08
2.15947e-05
5.7368e-08
2.15904e-05
5.72706e-08
2.15861e-05
5.82473e-08
2.15816e-05
6.03203e-08
2.15766e-05
6.12988e-08
2.15715e-05
6.11182e-08
2.15663e-05
6.19702e-08
2.15608e-05
6.48406e-08
2.15548e-05
6.67567e-08
2.15485e-05
6.62181e-08
2.15423e-05
6.54735e-08
2.1536e-05
6.78233e-08
2.15291e-05
7.22248e-08
2.15216e-05
7.41066e-08
2.1514e-05
7.16647e-08
2.15072e-05
6.81457e-08
2.15008e-05
6.90151e-08
2.14936e-05
7.55137e-08
2.14849e-05
8.30039e-08
2.14756e-05
8.4672e-08
2.14681e-05
7.59975e-08
2.14653e-05
5.83343e-08
2.14688e-05
3.63729e-08
2.14781e-05
1.59343e-08
2.14913e-05
8.18902e-10
2.15062e-05
-8.36185e-09
2.15204e-05
-1.17883e-08
2.15323e-05
-1.15956e-08
2.15414e-05
-9.60258e-09
2.15478e-05
-6.89881e-09
2.1552e-05
-4.76496e-09
2.15545e-05
-2.7924e-09
2.15559e-05
-1.73932e-09
2.15567e-05
-8.76282e-10
2.15571e-05
-5.21323e-10
2.15572e-05
-1.21307e-10
2.15573e-05
-2.26039e-10
2.15573e-05
1.66026e-10
2.15572e-05
-7.16738e-11
4.09286e-10
2.3554e-05
7.04094e-09
2.35558e-05
7.59589e-09
2.35581e-05
8.91156e-09
2.35607e-05
1.0808e-08
2.35635e-05
1.30586e-08
2.35661e-05
1.53935e-08
2.35684e-05
1.75601e-08
2.35702e-05
1.93345e-08
2.35716e-05
2.0568e-08
2.35726e-05
2.12796e-08
2.35734e-05
2.16217e-08
2.35741e-05
2.17711e-08
2.35749e-05
2.18768e-08
2.35758e-05
2.20325e-08
2.35769e-05
2.23495e-08
2.3578e-05
2.28687e-08
2.35792e-05
2.35276e-08
2.35803e-05
2.4273e-08
2.35813e-05
2.49923e-08
2.35822e-05
2.56515e-08
2.3583e-05
2.62378e-08
2.35837e-05
2.67901e-08
2.35843e-05
2.73803e-08
2.3585e-05
2.78841e-08
2.35857e-05
2.83595e-08
2.35866e-05
2.89367e-08
2.35874e-05
2.95271e-08
2.35883e-05
3.02062e-08
2.35892e-05
3.09129e-08
2.35901e-05
3.15812e-08
2.3591e-05
3.22489e-08
2.35919e-05
3.27701e-08
2.35927e-05
3.3243e-08
2.35935e-05
3.37772e-08
2.35943e-05
3.41023e-08
2.35949e-05
3.445e-08
2.35955e-05
3.49296e-08
2.35961e-05
3.53744e-08
2.35967e-05
3.61455e-08
2.35974e-05
3.73437e-08
2.35981e-05
3.84217e-08
2.35991e-05
3.96631e-08
2.36002e-05
4.12632e-08
2.36015e-05
4.24855e-08
2.36029e-05
4.30543e-08
2.36041e-05
4.34907e-08
2.3605e-05
4.36177e-08
2.36055e-05
4.31897e-08
2.36056e-05
4.28037e-08
2.36054e-05
4.2942e-08
2.36054e-05
4.39612e-08
2.36058e-05
4.61382e-08
2.36067e-05
4.86728e-08
2.36078e-05
4.98418e-08
2.36087e-05
5.01306e-08
2.36097e-05
5.08649e-08
2.36106e-05
5.20938e-08
2.36116e-05
5.28502e-08
2.36127e-05
5.38786e-08
2.36139e-05
5.53097e-08
2.36151e-05
5.62081e-08
2.3616e-05
5.63405e-08
2.36171e-05
5.71874e-08
2.36183e-05
5.90589e-08
2.36194e-05
6.01808e-08
2.36202e-05
6.032e-08
2.36212e-05
6.10457e-08
2.36225e-05
6.34809e-08
2.36239e-05
6.54008e-08
2.36247e-05
6.53948e-08
2.36253e-05
6.49163e-08
2.36264e-05
6.67206e-08
2.36282e-05
7.04105e-08
2.36299e-05
7.23617e-08
2.36308e-05
7.07696e-08
2.36311e-05
6.78898e-08
2.36318e-05
6.82415e-08
2.3634e-05
7.33253e-08
2.36377e-05
7.93248e-08
2.3642e-05
8.03885e-08
2.36457e-05
7.22882e-08
2.36479e-05
5.61026e-08
2.36486e-05
3.57555e-08
2.3648e-05
1.65365e-08
2.36469e-05
1.85136e-09
2.36453e-05
-6.77897e-09
2.36439e-05
-1.03807e-08
2.36428e-05
-1.04224e-08
2.3642e-05
-8.79765e-09
2.36414e-05
-6.34084e-09
2.36411e-05
-4.4227e-09
2.36408e-05
-2.57339e-09
2.36407e-05
-1.59855e-09
2.36406e-05
-7.71156e-10
2.36405e-05
-4.44852e-10
2.36405e-05
-6.23451e-11
2.36404e-05
-1.4599e-10
2.36403e-05
1.89508e-10
2.36403e-05
2.16548e-11
3.8631e-10
2.5641e-05
5.79112e-09
2.56423e-05
6.20461e-09
2.56439e-05
7.30758e-09
2.56458e-05
8.98932e-09
2.56478e-05
1.10423e-08
2.56499e-05
1.32604e-08
2.5652e-05
1.54448e-08
2.5654e-05
1.7395e-08
2.56556e-05
1.89192e-08
2.5657e-05
1.9941e-08
2.5658e-05
2.0533e-08
2.5659e-05
2.08471e-08
2.56598e-05
2.10493e-08
2.56606e-05
2.12164e-08
2.56615e-05
2.14525e-08
2.56625e-05
2.18546e-08
2.56636e-05
2.24158e-08
2.56648e-05
2.31208e-08
2.56659e-05
2.38649e-08
2.5667e-05
2.45864e-08
2.5668e-05
2.52661e-08
2.56688e-05
2.59241e-08
2.56696e-05
2.66269e-08
2.56703e-05
2.72053e-08
2.5671e-05
2.76211e-08
2.56718e-05
2.80845e-08
2.56727e-05
2.86246e-08
2.56737e-05
2.92611e-08
2.56747e-05
2.99192e-08
2.56757e-05
3.05722e-08
2.56767e-05
3.12832e-08
2.56776e-05
3.18765e-08
2.56784e-05
3.23587e-08
2.56793e-05
3.28712e-08
2.56802e-05
3.32578e-08
2.5681e-05
3.36556e-08
2.56818e-05
3.41159e-08
2.56826e-05
3.4588e-08
2.56833e-05
3.53905e-08
2.56842e-05
3.65041e-08
2.56851e-05
3.74931e-08
2.56862e-05
3.8614e-08
2.56874e-05
4.00025e-08
2.56888e-05
4.11044e-08
2.56901e-05
4.17238e-08
2.56914e-05
4.22241e-08
2.56925e-05
4.25451e-08
2.56932e-05
4.24864e-08
2.56935e-05
4.24517e-08
2.56937e-05
4.27974e-08
2.56939e-05
4.37537e-08
2.56946e-05
4.53814e-08
2.5696e-05
4.72888e-08
2.56974e-05
4.84453e-08
2.56985e-05
4.90793e-08
2.56995e-05
4.98403e-08
2.57007e-05
5.08377e-08
2.5702e-05
5.1595e-08
2.57033e-05
5.25841e-08
2.57048e-05
5.37839e-08
2.57064e-05
5.46042e-08
2.57077e-05
5.50652e-08
2.57089e-05
5.59886e-08
2.57105e-05
5.7501e-08
2.57122e-05
5.84417e-08
2.57136e-05
5.89436e-08
2.57147e-05
5.99041e-08
2.57163e-05
6.18986e-08
2.57183e-05
6.33585e-08
2.57201e-05
6.35991e-08
2.57213e-05
6.376e-08
2.57225e-05
6.55114e-08
2.57246e-05
6.83229e-08
2.57273e-05
6.96356e-08
2.57296e-05
6.8468e-08
2.57309e-05
6.66295e-08
2.57319e-05
6.7237e-08
2.57341e-05
7.11234e-08
2.57383e-05
7.50769e-08
2.57439e-05
7.47894e-08
2.57492e-05
6.70188e-08
2.57525e-05
5.27568e-08
2.57532e-05
3.51446e-08
2.57512e-05
1.84684e-08
2.57476e-05
5.43648e-09
2.57439e-05
-3.07162e-09
2.57407e-05
-7.18548e-09
2.57384e-05
-8.04936e-09
2.57368e-05
-7.27205e-09
2.5736e-05
-5.46215e-09
2.57355e-05
-3.96824e-09
2.57353e-05
-2.38277e-09
2.57352e-05
-1.50019e-09
2.57352e-05
-7.33615e-10
2.57351e-05
-3.9834e-10
2.57351e-05
-3.38102e-11
2.5735e-05
-7.46603e-11
2.5735e-05
2.11144e-10
2.57349e-05
9.92687e-11
3.72595e-10
2.79118e-05
4.85145e-09
2.79129e-05
5.12136e-09
2.7914e-05
6.1707e-09
2.79153e-05
7.71309e-09
2.79167e-05
9.59848e-09
2.79183e-05
1.16459e-08
2.79201e-05
1.36934e-08
2.79219e-05
1.55846e-08
2.79236e-05
1.7191e-08
2.79252e-05
1.84097e-08
2.79265e-05
1.92148e-08
2.79276e-05
1.96997e-08
2.79286e-05
2.00351e-08
2.79296e-05
2.02833e-08
2.79305e-05
2.05406e-08
2.79314e-05
2.09193e-08
2.79324e-05
2.14231e-08
2.79335e-05
2.20692e-08
2.79346e-05
2.27616e-08
2.79357e-05
2.3462e-08
2.79368e-05
2.41785e-08
2.79378e-05
2.48831e-08
2.79388e-05
2.56803e-08
2.79396e-05
2.64041e-08
2.79403e-05
2.68564e-08
2.79412e-05
2.72224e-08
2.79421e-05
2.76705e-08
2.79431e-05
2.82754e-08
2.79442e-05
2.88884e-08
2.79453e-05
2.9461e-08
2.79464e-05
3.01851e-08
2.79474e-05
3.08541e-08
2.79484e-05
3.13843e-08
2.79493e-05
3.19431e-08
2.79502e-05
3.23708e-08
2.79511e-05
3.27815e-08
2.79519e-05
3.32716e-08
2.79527e-05
3.37463e-08
2.79536e-05
3.45185e-08
2.79545e-05
3.55941e-08
2.79555e-05
3.64849e-08
2.79567e-05
3.74137e-08
2.79581e-05
3.86513e-08
2.79595e-05
3.96864e-08
2.79609e-05
4.02786e-08
2.79623e-05
4.08354e-08
2.79635e-05
4.13899e-08
2.79643e-05
4.164e-08
2.79649e-05
4.18572e-08
2.79654e-05
4.23482e-08
2.79659e-05
4.32282e-08
2.79668e-05
4.45344e-08
2.79679e-05
4.61216e-08
2.79692e-05
4.71968e-08
2.79704e-05
4.78218e-08
2.79717e-05
4.85586e-08
2.7973e-05
4.95245e-08
2.79743e-05
5.0268e-08
2.79758e-05
5.11068e-08
2.79774e-05
5.22126e-08
2.79789e-05
5.30953e-08
2.79803e-05
5.36541e-08
2.79819e-05
5.44468e-08
2.79835e-05
5.58107e-08
2.79851e-05
5.68543e-08
2.79866e-05
5.75259e-08
2.79881e-05
5.83494e-08
2.799e-05
5.99759e-08
2.7992e-05
6.14231e-08
2.79935e-05
6.20328e-08
2.79949e-05
6.23867e-08
2.79968e-05
6.36657e-08
2.79993e-05
6.58099e-08
2.80018e-05
6.70843e-08
2.80037e-05
6.65809e-08
2.8005e-05
6.53632e-08
2.80066e-05
6.55629e-08
2.80098e-05
6.80068e-08
2.80144e-05
7.03908e-08
2.80197e-05
6.95704e-08
2.80239e-05
6.27737e-08
2.80261e-05
5.05554e-08
2.80261e-05
3.51529e-08
2.80245e-05
2.0031e-08
2.80222e-05
7.75025e-09
2.80196e-05
-4.35571e-10
2.8017e-05
-4.63403e-09
2.80149e-05
-5.92635e-09
2.80133e-05
-5.66204e-09
2.80122e-05
-4.35918e-09
2.80114e-05
-3.19565e-09
2.8011e-05
-1.9265e-09
2.80106e-05
-1.16334e-09
2.80104e-05
-5.46406e-10
2.80103e-05
-2.35426e-10
2.80102e-05
5.1539e-11
2.80101e-05
3.90284e-11
2.801e-05
2.54968e-10
2.801e-05
1.79972e-10
3.71826e-10
3.03839e-05
4.64244e-09
3.03842e-05
4.80669e-09
3.03848e-05
5.56343e-09
3.03857e-05
6.86251e-09
3.03868e-05
8.54229e-09
3.0388e-05
1.03811e-08
3.03895e-05
1.2245e-08
3.03911e-05
1.39952e-08
3.03927e-05
1.55512e-08
3.03943e-05
1.68361e-08
3.03957e-05
1.7782e-08
3.0397e-05
1.84164e-08
3.03981e-05
1.8877e-08
3.03992e-05
1.92463e-08
3.04002e-05
1.95573e-08
3.04011e-05
1.99501e-08
3.04021e-05
2.04641e-08
3.04031e-05
2.10688e-08
3.04041e-05
2.17141e-08
3.04053e-05
2.23381e-08
3.04064e-05
2.30244e-08
3.04076e-05
2.37295e-08
3.04087e-05
2.45207e-08
3.04098e-05
2.53818e-08
3.04106e-05
2.59863e-08
3.04115e-05
2.6333e-08
3.04125e-05
2.67133e-08
3.04135e-05
2.72853e-08
3.04145e-05
2.78926e-08
3.04155e-05
2.84193e-08
3.04166e-05
2.9063e-08
3.04177e-05
2.97271e-08
3.04188e-05
3.03259e-08
3.04198e-05
3.09522e-08
3.04207e-05
3.14285e-08
3.04217e-05
3.1801e-08
3.04227e-05
3.22406e-08
3.04238e-05
3.27225e-08
3.04248e-05
3.34728e-08
3.04259e-05
3.4481e-08
3.04271e-05
3.53294e-08
3.04283e-05
3.61908e-08
3.04296e-05
3.73355e-08
3.0431e-05
3.83385e-08
3.04323e-05
3.8948e-08
3.04336e-05
3.95002e-08
3.04349e-05
4.01387e-08
3.04359e-05
4.05981e-08
3.04368e-05
4.09896e-08
3.04376e-05
4.15794e-08
3.04383e-05
4.24568e-08
3.04394e-05
4.3514e-08
3.04408e-05
4.47265e-08
3.04422e-05
4.57311e-08
3.04435e-05
4.65144e-08
3.04448e-05
4.7274e-08
3.04463e-05
4.808e-08
3.04477e-05
4.87956e-08
3.04492e-05
4.96287e-08
3.04508e-05
5.06222e-08
3.04525e-05
5.14046e-08
3.04541e-05
5.20827e-08
3.04556e-05
5.29531e-08
3.04572e-05
5.41474e-08
3.0459e-05
5.50278e-08
3.04608e-05
5.57869e-08
3.04624e-05
5.67658e-08
3.04641e-05
5.82213e-08
3.04662e-05
5.93872e-08
3.04682e-05
5.99783e-08
3.047e-05
6.05892e-08
3.04718e-05
6.19062e-08
3.04739e-05
6.36538e-08
3.04765e-05
6.45346e-08
3.0479e-05
6.40924e-08
3.0481e-05
6.32889e-08
3.04831e-05
6.35378e-08
3.04858e-05
6.52612e-08
3.04897e-05
6.64735e-08
3.04945e-05
6.48051e-08
3.0499e-05
5.82324e-08
3.05022e-05
4.73816e-08
3.05032e-05
3.41354e-08
3.0502e-05
2.12178e-08
3.04992e-05
1.05414e-08
3.04958e-05
2.95892e-09
3.04928e-05
-1.60052e-09
3.04904e-05
-3.5271e-09
3.04887e-05
-3.97357e-09
3.04877e-05
-3.30131e-09
3.0487e-05
-2.54434e-09
3.04867e-05
-1.59203e-09
3.04865e-05
-9.48972e-10
3.04864e-05
-4.37027e-10
3.04863e-05
-1.36743e-10
3.04862e-05
1.07771e-10
3.04861e-05
1.26073e-10
3.04861e-05
2.93038e-10
3.0486e-05
2.50734e-10
3.77425e-10
3.30742e-05
4.72761e-09
3.30741e-05
4.84857e-09
3.30743e-05
5.42609e-09
3.30747e-05
6.44754e-09
3.30754e-05
7.84318e-09
3.30764e-05
9.4173e-09
3.30776e-05
1.10366e-08
3.30789e-05
1.26079e-08
3.30804e-05
1.40498e-08
3.3082e-05
1.53257e-08
3.30834e-05
1.6352e-08
3.30847e-05
1.70899e-08
3.3086e-05
1.76214e-08
3.30872e-05
1.80559e-08
3.30883e-05
1.84498e-08
3.30893e-05
1.89069e-08
3.30903e-05
1.94914e-08
3.30913e-05
2.00993e-08
3.30923e-05
2.0711e-08
3.30933e-05
2.12773e-08
3.30945e-05
2.18867e-08
3.30956e-05
2.25542e-08
3.30969e-05
2.33008e-08
3.3098e-05
2.42111e-08
3.3099e-05
2.49862e-08
3.31e-05
2.53711e-08
3.3101e-05
2.56629e-08
3.31021e-05
2.61873e-08
3.31032e-05
2.68182e-08
3.31043e-05
2.73731e-08
3.31054e-05
2.79223e-08
3.31067e-05
2.84558e-08
3.31079e-05
2.90784e-08
3.3109e-05
2.98318e-08
3.311e-05
3.04319e-08
3.3111e-05
3.08345e-08
3.3112e-05
3.12382e-08
3.3113e-05
3.16957e-08
3.31141e-05
3.24253e-08
3.31152e-05
3.33779e-08
3.31164e-05
3.41075e-08
3.31178e-05
3.48017e-08
3.31193e-05
3.58705e-08
3.31207e-05
3.68598e-08
3.31223e-05
3.74288e-08
3.31238e-05
3.79874e-08
3.31252e-05
3.87461e-08
3.31264e-05
3.9389e-08
3.31274e-05
3.99338e-08
3.31284e-05
4.06084e-08
3.31294e-05
4.14489e-08
3.31306e-05
4.23425e-08
3.3132e-05
4.33477e-08
3.31334e-05
4.42698e-08
3.31349e-05
4.50385e-08
3.31364e-05
4.57866e-08
3.31379e-05
4.65557e-08
3.31395e-05
4.72359e-08
3.31411e-05
4.79637e-08
3.31428e-05
4.89e-08
3.31445e-05
4.97354e-08
3.31462e-05
5.04468e-08
3.31479e-05
5.11977e-08
3.31498e-05
5.22652e-08
3.31516e-05
5.32235e-08
3.31533e-05
5.4075e-08
3.31551e-05
5.49356e-08
3.31573e-05
5.60974e-08
3.31594e-05
5.72293e-08
3.31613e-05
5.80583e-08
3.31631e-05
5.87875e-08
3.31653e-05
5.97781e-08
3.31679e-05
6.10205e-08
3.31706e-05
6.18165e-08
3.31729e-05
6.17692e-08
3.31749e-05
6.13451e-08
3.31771e-05
6.13029e-08
3.31804e-05
6.20009e-08
3.31848e-05
6.21023e-08
3.31895e-05
6.00614e-08
3.31934e-05
5.43599e-08
3.31955e-05
4.52295e-08
3.31958e-05
3.38949e-08
3.31946e-05
2.23707e-08
3.31927e-05
1.24149e-08
3.31906e-05
5.12763e-09
3.31884e-05
5.33043e-10
3.31865e-05
-1.58187e-09
3.31849e-05
-2.37614e-09
3.31837e-05
-2.12405e-09
3.31828e-05
-1.66242e-09
3.31823e-05
-1.01662e-09
3.31818e-05
-5.26991e-10
3.31816e-05
-1.64726e-10
3.31814e-05
6.92202e-11
3.31812e-05
2.45874e-10
3.31811e-05
2.54081e-10
3.3181e-05
3.60031e-10
3.31809e-05
3.30448e-10
3.94456e-10
3.60018e-05
4.9421e-09
3.60016e-05
5.11469e-09
3.60014e-05
5.59235e-09
3.60015e-05
6.35962e-09
3.60019e-05
7.40368e-09
3.60027e-05
8.70613e-09
3.60036e-05
1.00737e-08
3.60048e-05
1.14416e-08
3.60061e-05
1.2732e-08
3.60075e-05
1.39199e-08
3.60089e-05
1.49752e-08
3.60102e-05
1.57822e-08
3.60114e-05
1.63697e-08
3.60127e-05
1.68285e-08
3.60139e-05
1.72672e-08
3.6015e-05
1.77928e-08
3.6016e-05
1.84083e-08
3.60171e-05
1.90807e-08
3.60181e-05
1.97037e-08
3.60191e-05
2.02276e-08
3.60203e-05
2.0717e-08
3.60216e-05
2.12869e-08
3.60228e-05
2.20214e-08
3.60241e-05
2.29143e-08
3.60253e-05
2.37936e-08
3.60264e-05
2.4316e-08
3.60275e-05
2.45817e-08
3.60286e-05
2.50338e-08
3.60298e-05
2.56741e-08
3.60308e-05
2.63164e-08
3.60319e-05
2.68874e-08
3.6033e-05
2.72694e-08
3.60344e-05
2.7758e-08
3.60356e-05
2.85735e-08
3.60367e-05
2.93048e-08
3.60378e-05
2.97481e-08
3.6039e-05
3.00901e-08
3.60402e-05
3.04428e-08
3.60416e-05
3.11039e-08
3.60428e-05
3.20925e-08
3.60442e-05
3.27903e-08
3.60456e-05
3.33444e-08
3.60471e-05
3.43993e-08
3.60485e-05
3.54907e-08
3.60498e-05
3.60466e-08
3.60513e-05
3.65276e-08
3.60528e-05
3.72947e-08
3.60541e-05
3.7996e-08
3.60555e-05
3.8586e-08
3.60568e-05
3.93054e-08
3.60581e-05
4.01596e-08
3.60594e-05
4.09788e-08
3.6061e-05
4.17883e-08
3.60627e-05
4.25898e-08
3.60643e-05
4.34072e-08
3.60659e-05
4.42155e-08
3.60675e-05
4.49011e-08
3.60693e-05
4.55073e-08
3.6071e-05
4.62288e-08
3.60728e-05
4.71392e-08
3.60746e-05
4.79048e-08
3.60764e-05
4.86026e-08
3.60783e-05
4.93896e-08
3.60801e-05
5.03959e-08
3.60821e-05
5.12469e-08
3.60841e-05
5.20367e-08
3.60861e-05
5.29357e-08
3.60882e-05
5.40513e-08
3.60903e-05
5.50617e-08
3.60926e-05
5.57869e-08
3.60949e-05
5.65158e-08
3.60972e-05
5.74944e-08
3.60996e-05
5.8593e-08
3.61022e-05
5.92287e-08
3.61048e-05
5.91217e-08
3.61075e-05
5.87301e-08
3.61102e-05
5.85546e-08
3.61134e-05
5.88015e-08
3.61171e-05
5.83536e-08
3.61212e-05
5.59886e-08
3.6125e-05
5.05797e-08
3.61278e-05
4.24001e-08
3.61291e-05
3.26125e-08
3.61287e-05
2.27994e-08
3.61268e-05
1.4267e-08
3.61242e-05
7.71598e-09
3.61215e-05
3.23337e-09
3.61193e-05
6.8727e-10
3.61176e-05
-6.58653e-10
3.61164e-05
-9.41276e-10
3.61156e-05
-8.67701e-10
3.61151e-05
-5.32586e-10
3.61148e-05
-2.05072e-10
3.61146e-05
4.00791e-11
3.61144e-05
2.14515e-10
3.61143e-05
3.4438e-10
3.61142e-05
3.58634e-10
3.61142e-05
4.20261e-10
3.61141e-05
4.05331e-10
4.16949e-10
3.91876e-05
5.1936e-09
3.91873e-05
5.38368e-09
3.91871e-05
5.84261e-09
3.9187e-05
6.47947e-09
3.91871e-05
7.23888e-09
3.91877e-05
8.172e-09
3.91885e-05
9.27737e-09
3.91895e-05
1.04094e-08
3.91907e-05
1.15688e-08
3.91919e-05
1.26545e-08
3.91932e-05
1.36899e-08
3.91945e-05
1.45242e-08
3.91957e-05
1.51474e-08
3.91969e-05
1.56336e-08
3.91981e-05
1.60242e-08
3.91993e-05
1.65635e-08
3.92005e-05
1.72273e-08
3.92017e-05
1.79521e-08
3.92027e-05
1.86501e-08
3.92038e-05
1.91651e-08
3.92049e-05
1.9614e-08
3.92061e-05
2.00682e-08
3.92074e-05
2.07121e-08
3.92088e-05
2.15693e-08
3.92101e-05
2.24646e-08
3.92112e-05
2.31615e-08
3.92124e-05
2.34428e-08
3.92137e-05
2.37508e-08
3.92149e-05
2.44081e-08
3.92161e-05
2.50992e-08
3.92173e-05
2.57005e-08
3.92185e-05
2.60623e-08
3.92199e-05
2.63492e-08
3.92214e-05
2.71034e-08
3.92227e-05
2.799e-08
3.92239e-05
2.85613e-08
3.9225e-05
2.89853e-08
3.92262e-05
2.92754e-08
3.92275e-05
2.97974e-08
3.92288e-05
3.08279e-08
3.923e-05
3.15491e-08
3.92315e-05
3.18211e-08
3.92332e-05
3.26808e-08
3.92348e-05
3.38809e-08
3.92364e-05
3.44678e-08
3.92381e-05
3.48466e-08
3.92398e-05
3.56516e-08
3.92413e-05
3.64669e-08
3.92428e-05
3.70889e-08
3.92442e-05
3.78372e-08
3.92457e-05
3.86935e-08
3.92473e-05
3.94376e-08
3.92489e-05
4.01459e-08
3.92506e-05
4.08658e-08
3.92524e-05
4.16035e-08
3.92542e-05
4.24163e-08
3.9256e-05
4.31428e-08
3.92578e-05
4.37033e-08
3.92597e-05
4.42984e-08
3.92617e-05
4.51633e-08
3.92636e-05
4.59956e-08
3.92655e-05
4.67004e-08
3.92675e-05
4.73828e-08
3.92696e-05
4.82681e-08
3.92717e-05
4.91457e-08
3.92738e-05
4.99798e-08
3.92759e-05
5.07999e-08
3.92783e-05
5.17073e-08
3.92807e-05
5.26277e-08
3.9283e-05
5.34508e-08
3.92853e-05
5.42487e-08
3.92878e-05
5.50531e-08
3.92905e-05
5.5823e-08
3.92934e-05
5.63132e-08
3.92962e-05
5.635e-08
3.92988e-05
5.61389e-08
3.93015e-05
5.58121e-08
3.93049e-05
5.54619e-08
3.93089e-05
5.43525e-08
3.93131e-05
5.17676e-08
3.93167e-05
4.70181e-08
3.93189e-05
4.01983e-08
3.93195e-05
3.19878e-08
3.93188e-05
2.34447e-08
3.93174e-05
1.56752e-08
3.93157e-05
9.44806e-09
3.93139e-05
5.00442e-09
3.93123e-05
2.31343e-09
3.93109e-05
7.99171e-10
3.93097e-05
2.11405e-10
3.93088e-05
3.93632e-11
3.93081e-05
1.3108e-10
3.93076e-05
2.84933e-10
3.93073e-05
3.89e-10
3.9307e-05
4.77603e-10
3.93068e-05
5.24509e-10
3.93067e-05
5.09264e-10
3.93066e-05
5.07641e-10
3.93065e-05
4.92098e-10
4.50094e-10
4.26545e-05
5.13506e-09
4.26543e-05
5.56595e-09
4.26541e-05
6.03007e-09
4.2654e-05
6.61028e-09
4.2654e-05
7.24585e-09
4.26542e-05
7.8972e-09
4.26549e-05
8.6309e-09
4.26558e-05
9.52601e-09
4.26568e-05
1.05005e-08
4.2658e-05
1.14887e-08
4.26592e-05
1.24792e-08
4.26604e-05
1.33428e-08
4.26616e-05
1.39762e-08
4.26627e-05
1.44843e-08
4.26639e-05
1.48483e-08
4.26652e-05
1.52984e-08
4.26664e-05
1.59596e-08
4.26677e-05
1.67184e-08
4.26688e-05
1.74996e-08
4.26699e-05
1.80617e-08
4.2671e-05
1.84757e-08
4.26723e-05
1.88377e-08
4.26737e-05
1.93385e-08
4.26751e-05
2.01665e-08
4.26765e-05
2.10324e-08
4.26778e-05
2.18108e-08
4.26791e-05
2.22109e-08
4.26804e-05
2.24199e-08
4.26818e-05
2.30387e-08
4.26831e-05
2.37588e-08
4.26844e-05
2.44183e-08
4.26855e-05
2.4922e-08
4.26868e-05
2.50736e-08
4.26883e-05
2.55956e-08
4.26898e-05
2.65551e-08
4.26911e-05
2.72277e-08
4.26924e-05
2.76863e-08
4.26937e-05
2.79269e-08
4.26953e-05
2.82312e-08
4.26969e-05
2.92051e-08
4.26984e-05
3.01018e-08
4.26999e-05
3.03168e-08
4.27016e-05
3.0931e-08
4.27033e-05
3.22157e-08
4.27048e-05
3.29964e-08
4.27063e-05
3.32597e-08
4.27081e-05
3.39374e-08
4.27097e-05
3.48092e-08
4.27114e-05
3.5403e-08
4.27132e-05
3.60778e-08
4.27149e-05
3.6953e-08
4.27167e-05
3.7685e-08
4.27185e-05
3.83097e-08
4.27204e-05
3.89735e-08
4.27223e-05
3.9646e-08
4.27243e-05
4.042e-08
4.27263e-05
4.11841e-08
4.27283e-05
4.17495e-08
4.27303e-05
4.22728e-08
4.27324e-05
4.30793e-08
4.27345e-05
4.3905e-08
4.27366e-05
4.45804e-08
4.27387e-05
4.52382e-08
4.27409e-05
4.60842e-08
4.27431e-05
4.69083e-08
4.27455e-05
4.76447e-08
4.27479e-05
4.84125e-08
4.27503e-05
4.92916e-08
4.27527e-05
5.01666e-08
4.27553e-05
5.09042e-08
4.27579e-05
5.15999e-08
4.27607e-05
5.23311e-08
4.27634e-05
5.30281e-08
4.27663e-05
5.34626e-08
4.27692e-05
5.34426e-08
4.27722e-05
5.31316e-08
4.27754e-05
5.26251e-08
4.27789e-05
5.19949e-08
4.27825e-05
5.06981e-08
4.27861e-05
4.81427e-08
4.27894e-05
4.37971e-08
4.27918e-05
3.77255e-08
4.27932e-05
3.05847e-08
4.27934e-05
2.32713e-08
4.27925e-05
1.662e-08
4.27908e-05
1.11629e-08
4.27887e-05
7.01552e-09
4.27868e-05
4.22754e-09
4.27852e-05
2.41669e-09
4.2784e-05
1.43162e-09
4.27831e-05
9.34479e-10
4.27825e-05
7.31408e-10
4.27821e-05
6.97213e-10
4.27818e-05
6.69686e-10
4.27816e-05
6.82702e-10
4.27815e-05
6.70238e-10
4.27813e-05
6.43596e-10
4.27812e-05
5.92007e-10
4.27812e-05
5.77902e-10
4.88596e-10
4.6427e-05
4.94151e-09
4.64272e-05
5.37489e-09
4.64272e-05
5.98698e-09
4.64272e-05
6.60963e-09
4.64272e-05
7.19502e-09
4.64274e-05
7.74068e-09
4.64278e-05
8.25596e-09
4.64285e-05
8.77237e-09
4.64295e-05
9.52834e-09
4.64306e-05
1.0373e-08
4.64318e-05
1.12944e-08
4.64329e-05
1.22084e-08
4.6434e-05
1.28753e-08
4.64351e-05
1.3391e-08
4.64362e-05
1.37378e-08
4.64375e-05
1.40831e-08
4.64388e-05
1.46464e-08
4.64401e-05
1.53812e-08
4.64414e-05
1.6233e-08
4.64425e-05
1.68887e-08
4.64437e-05
1.72999e-08
4.64449e-05
1.76265e-08
4.64463e-05
1.79802e-08
4.64478e-05
1.86894e-08
4.64493e-05
1.95471e-08
4.64507e-05
2.03499e-08
4.6452e-05
2.09251e-08
4.64533e-05
2.11047e-08
4.64548e-05
2.15502e-08
4.64563e-05
2.22843e-08
4.64577e-05
2.29549e-08
4.64591e-05
2.3578e-08
4.64604e-05
2.37413e-08
4.6462e-05
2.39825e-08
4.64637e-05
2.48499e-08
4.64653e-05
2.56527e-08
4.64668e-05
2.62186e-08
4.64681e-05
2.65917e-08
4.64696e-05
2.67954e-08
4.64712e-05
2.75657e-08
4.64727e-05
2.85981e-08
4.64741e-05
2.88825e-08
4.64759e-05
2.9133e-08
4.64779e-05
3.02392e-08
4.64797e-05
3.12256e-08
4.64814e-05
3.15054e-08
4.64834e-05
3.20097e-08
4.64852e-05
3.29323e-08
4.6487e-05
3.35949e-08
4.64889e-05
3.4177e-08
4.64909e-05
3.50182e-08
4.64928e-05
3.5756e-08
4.64948e-05
3.63232e-08
4.64968e-05
3.69619e-08
4.64989e-05
3.75763e-08
4.65011e-05
3.82426e-08
4.65032e-05
3.903e-08
4.65053e-05
3.96642e-08
4.65075e-05
4.0095e-08
4.65098e-05
4.0769e-08
4.65121e-05
4.16328e-08
4.65143e-05
4.23569e-08
4.65166e-05
4.29315e-08
4.6519e-05
4.36416e-08
4.65215e-05
4.44379e-08
4.65239e-05
4.51913e-08
4.65264e-05
4.59128e-08
4.65291e-05
4.66584e-08
4.65318e-05
4.74218e-08
4.65346e-05
4.81454e-08
4.65373e-05
4.88472e-08
4.65402e-05
4.95007e-08
4.65432e-05
5.00213e-08
4.65463e-05
5.03212e-08
4.65495e-05
5.02919e-08
4.65526e-05
5.0018e-08
4.65558e-05
4.94512e-08
4.65592e-05
4.85636e-08
4.65629e-05
4.69851e-08
4.65667e-05
4.43819e-08
4.657e-05
4.05039e-08
4.65723e-05
3.54147e-08
4.65733e-05
2.95109e-08
4.65733e-05
2.33162e-08
4.65725e-05
1.74402e-08
4.65712e-05
1.23916e-08
4.65699e-05
8.39419e-09
4.65685e-05
5.56022e-09
4.65673e-05
3.64139e-09
4.65663e-05
2.47262e-09
4.65654e-05
1.79773e-09
4.65647e-05
1.40594e-09
4.65642e-05
1.22025e-09
4.65638e-05
1.06279e-09
4.65635e-05
9.80677e-10
4.65633e-05
8.77529e-10
4.65631e-05
8.13402e-10
4.6563e-05
6.98342e-10
4.65629e-05
6.7442e-10
5.35923e-10
5.05328e-05
4.74054e-09
5.05331e-05
5.1009e-09
5.05334e-05
5.64344e-09
5.05337e-05
6.31721e-09
5.05339e-05
7.00337e-09
5.05341e-05
7.50901e-09
5.05344e-05
7.96487e-09
5.05349e-05
8.32162e-09
5.05357e-05
8.71335e-09
5.05367e-05
9.36841e-09
5.05378e-05
1.01239e-08
5.0539e-05
1.10285e-08
5.05401e-05
1.17938e-08
5.05412e-05
1.23307e-08
5.05422e-05
1.26997e-08
5.05434e-05
1.29365e-08
5.05446e-05
1.33788e-08
5.0546e-05
1.4001e-08
5.05474e-05
1.48239e-08
5.05487e-05
1.5578e-08
5.055e-05
1.60504e-08
5.05512e-05
1.63952e-08
5.05525e-05
1.66659e-08
5.0554e-05
1.71963e-08
5.05555e-05
1.80216e-08
5.05571e-05
1.88001e-08
5.05586e-05
1.94511e-08
5.056e-05
1.97147e-08
5.05615e-05
1.99932e-08
5.05631e-05
2.06515e-08
5.05648e-05
2.13258e-08
5.05663e-05
2.20171e-08
5.05677e-05
2.23847e-08
5.05692e-05
2.24941e-08
5.05709e-05
2.31447e-08
5.05725e-05
2.39967e-08
5.05742e-05
2.45976e-08
5.05757e-05
2.50372e-08
5.05773e-05
2.51967e-08
5.05792e-05
2.5666e-08
5.05811e-05
2.66979e-08
5.05827e-05
2.72459e-08
5.05845e-05
2.73665e-08
5.05866e-05
2.81765e-08
5.05885e-05
2.93e-08
5.05903e-05
2.97556e-08
5.05922e-05
3.00746e-08
5.05942e-05
3.0891e-08
5.05962e-05
3.16258e-08
5.05983e-05
3.21186e-08
5.06004e-05
3.28502e-08
5.06026e-05
3.36171e-08
5.06047e-05
3.4159e-08
5.06069e-05
3.4741e-08
5.06092e-05
3.53362e-08
5.06115e-05
3.59067e-08
5.06139e-05
3.66344e-08
5.06162e-05
3.73474e-08
5.06185e-05
3.7796e-08
5.0621e-05
3.83351e-08
5.06235e-05
3.91273e-08
5.0626e-05
3.98684e-08
5.06285e-05
4.04345e-08
5.0631e-05
4.10795e-08
5.06336e-05
4.18203e-08
5.06363e-05
4.25022e-08
5.06391e-05
4.31365e-08
5.06419e-05
4.38218e-08
5.06448e-05
4.45505e-08
5.06477e-05
4.52276e-08
5.06507e-05
4.58372e-08
5.06538e-05
4.63945e-08
5.0657e-05
4.68388e-08
5.06603e-05
4.70938e-08
5.06635e-05
4.70293e-08
5.06669e-05
4.66768e-08
5.06703e-05
4.59934e-08
5.06739e-05
4.49722e-08
5.06775e-05
4.33863e-08
5.06809e-05
4.09871e-08
5.06838e-05
3.75743e-08
5.06861e-05
3.31591e-08
5.06876e-05
2.80479e-08
5.06882e-05
2.27027e-08
5.0688e-05
1.76422e-08
5.06871e-05
1.32456e-08
5.06859e-05
9.64479e-09
5.06845e-05
6.91848e-09
5.06832e-05
4.92871e-09
5.06821e-05
3.55286e-09
5.06813e-05
2.6558e-09
5.06806e-05
2.04673e-09
5.06802e-05
1.69035e-09
5.06798e-05
1.40585e-09
5.06796e-05
1.24342e-09
5.06794e-05
1.06686e-09
5.06792e-05
9.75585e-10
5.06791e-05
8.05944e-10
5.0679e-05
7.72114e-10
5.87868e-10
5.50016e-05
4.70522e-09
5.50018e-05
4.85214e-09
5.50022e-05
5.26702e-09
5.50027e-05
5.83814e-09
5.50032e-05
6.50459e-09
5.50035e-05
7.12716e-09
5.50039e-05
7.56145e-09
5.50044e-05
7.90698e-09
5.50049e-05
8.15803e-09
5.50058e-05
8.49872e-09
5.50068e-05
9.06412e-09
5.50081e-05
9.81063e-09
5.50092e-05
1.06157e-08
5.50103e-05
1.12296e-08
5.50114e-05
1.16558e-08
5.50124e-05
1.18879e-08
5.50136e-05
1.21699e-08
5.5015e-05
1.26624e-08
5.50165e-05
1.33483e-08
5.50179e-05
1.41654e-08
5.50192e-05
1.47372e-08
5.50205e-05
1.51108e-08
5.50218e-05
1.53587e-08
5.50233e-05
1.57127e-08
5.50249e-05
1.63975e-08
5.50265e-05
1.71339e-08
5.50282e-05
1.78138e-08
5.50297e-05
1.82405e-08
5.50312e-05
1.8455e-08
5.50329e-05
1.89681e-08
5.50346e-05
1.96328e-08
5.50363e-05
2.0308e-08
5.50378e-05
2.082e-08
5.50394e-05
2.09371e-08
5.50412e-05
2.13099e-08
5.50432e-05
2.20674e-08
5.50451e-05
2.27161e-08
5.50468e-05
2.32547e-08
5.50485e-05
2.35434e-08
5.50503e-05
2.38451e-08
5.50523e-05
2.47006e-08
5.50541e-05
2.5445e-08
5.50559e-05
2.55984e-08
5.5058e-05
2.6052e-08
5.50602e-05
2.70725e-08
5.50622e-05
2.77344e-08
5.50643e-05
2.80084e-08
5.50666e-05
2.86451e-08
5.50688e-05
2.94272e-08
5.5071e-05
2.99222e-08
5.50733e-05
3.05066e-08
5.50757e-05
3.12542e-08
5.5078e-05
3.18159e-08
5.50804e-05
3.23409e-08
5.50828e-05
3.29212e-08
5.50853e-05
3.34371e-08
5.50879e-05
3.40523e-08
5.50904e-05
3.47809e-08
5.50929e-05
3.52885e-08
5.50955e-05
3.57311e-08
5.50983e-05
3.64246e-08
5.51009e-05
3.71851e-08
5.51036e-05
3.77431e-08
5.51064e-05
3.8271e-08
5.51093e-05
3.89236e-08
5.51122e-05
3.9596e-08
5.51152e-05
4.02104e-08
5.51182e-05
4.08158e-08
5.51213e-05
4.14393e-08
5.51245e-05
4.20459e-08
5.51277e-05
4.26085e-08
5.5131e-05
4.31143e-08
5.51343e-05
4.34813e-08
5.51378e-05
4.36587e-08
5.51412e-05
4.35567e-08
5.51447e-05
4.31898e-08
5.51482e-05
4.24962e-08
5.51518e-05
4.14306e-08
5.51553e-05
3.98323e-08
5.51588e-05
3.75479e-08
5.51618e-05
3.45001e-08
5.51642e-05
3.07452e-08
5.51658e-05
2.65026e-08
5.51664e-05
2.20718e-08
5.51663e-05
1.77635e-08
5.51657e-05
1.38576e-08
5.51648e-05
1.05224e-08
5.51639e-05
7.87275e-09
5.51629e-05
5.86837e-09
5.51621e-05
4.40239e-09
5.51613e-05
3.39568e-09
5.51607e-05
2.65888e-09
5.51602e-05
2.18446e-09
5.51598e-05
1.78901e-09
5.51595e-05
1.54402e-09
5.51593e-05
1.28361e-09
5.51591e-05
1.15334e-09
5.5159e-05
9.25401e-10
5.51589e-05
8.76119e-10
6.45161e-10
5.98656e-05
4.66385e-09
5.98657e-05
4.74715e-09
5.9866e-05
4.95224e-09
5.98665e-05
5.34149e-09
5.98671e-05
5.89279e-09
5.98677e-05
6.48518e-09
5.98683e-05
7.00766e-09
5.98688e-05
7.36935e-09
5.98694e-05
7.61921e-09
5.987e-05
7.84143e-09
5.98709e-05
8.15029e-09
5.98721e-05
8.68597e-09
5.98733e-05
9.37496e-09
5.98745e-05
1.00339e-08
5.98756e-05
1.054e-08
5.98767e-05
1.08365e-08
5.98778e-05
1.10455e-08
5.98791e-05
1.13895e-08
5.98805e-05
1.19134e-08
5.9882e-05
1.26189e-08
5.98835e-05
1.3254e-08
5.98849e-05
1.36876e-08
5.98863e-05
1.39951e-08
5.98878e-05
1.42568e-08
5.98894e-05
1.47692e-08
5.98911e-05
1.54417e-08
5.98928e-05
1.61072e-08
5.98944e-05
1.66273e-08
5.9896e-05
1.68718e-08
5.98977e-05
1.72278e-08
5.98996e-05
1.77916e-08
5.99015e-05
1.83897e-08
5.99033e-05
1.89767e-08
5.9905e-05
1.926e-08
5.99068e-05
1.9505e-08
5.99088e-05
2.01122e-08
5.99107e-05
2.07557e-08
5.99127e-05
2.12985e-08
5.99146e-05
2.16741e-08
5.99165e-05
2.19005e-08
5.99187e-05
2.24978e-08
5.99209e-05
2.32896e-08
5.99228e-05
2.36266e-08
5.9925e-05
2.39087e-08
5.99274e-05
2.46968e-08
5.99296e-05
2.54728e-08
5.99318e-05
2.58286e-08
5.99341e-05
2.6289e-08
5.99366e-05
2.7007e-08
5.99389e-05
2.7544e-08
5.99414e-05
2.80164e-08
5.9944e-05
2.86788e-08
5.99466e-05
2.92622e-08
5.99492e-05
2.97379e-08
5.99518e-05
3.02766e-08
5.99545e-05
3.07814e-08
5.99572e-05
3.12971e-08
5.996e-05
3.19654e-08
5.99628e-05
3.25383e-08
5.99656e-05
3.29507e-08
5.99685e-05
3.35026e-08
5.99715e-05
3.42102e-08
5.99744e-05
3.47995e-08
5.99774e-05
3.5296e-08
5.99804e-05
3.58623e-08
5.99836e-05
3.64596e-08
5.99868e-05
3.7001e-08
5.99901e-05
3.75348e-08
5.99934e-05
3.81074e-08
5.99968e-05
3.86822e-08
6.00002e-05
3.91932e-08
6.00037e-05
3.96242e-08
6.00072e-05
3.99185e-08
6.00109e-05
4.00411e-08
6.00145e-05
3.99102e-08
6.00182e-05
3.95136e-08
6.00219e-05
3.87987e-08
6.00256e-05
3.77322e-08
6.00292e-05
3.62276e-08
6.00325e-05
3.41964e-08
6.00354e-05
3.1594e-08
6.00377e-05
2.84423e-08
6.00394e-05
2.48724e-08
6.00403e-05
2.11053e-08
6.00407e-05
1.73963e-08
6.00406e-05
1.3993e-08
6.004e-05
1.104e-08
6.00393e-05
8.60178e-09
6.00385e-05
6.67678e-09
6.00377e-05
5.17363e-09
6.00371e-05
4.07454e-09
6.00365e-05
3.21928e-09
6.00361e-05
2.63362e-09
6.00357e-05
2.13773e-09
6.00354e-05
1.82274e-09
6.00352e-05
1.48929e-09
6.0035e-05
1.32434e-09
6.00349e-05
1.04365e-09
6.00348e-05
9.78058e-10
7.04303e-10
6.51593e-05
4.48255e-09
6.51595e-05
4.55958e-09
6.51597e-05
4.70144e-09
6.51601e-05
4.92729e-09
6.51607e-05
5.28289e-09
6.51615e-05
5.76414e-09
6.51622e-05
6.24761e-09
6.51629e-05
6.6698e-09
6.51636e-05
6.95053e-09
6.51643e-05
7.16013e-09
6.51651e-05
7.3706e-09
6.51661e-05
7.67514e-09
6.51672e-05
8.18815e-09
6.51685e-05
8.76436e-09
6.51698e-05
9.29615e-09
6.51709e-05
9.67052e-09
6.51721e-05
9.90507e-09
6.51733e-05
1.01513e-08
6.51747e-05
1.05203e-08
6.51762e-05
1.10713e-08
6.51778e-05
1.16925e-08
6.51793e-05
1.21933e-08
6.51808e-05
1.25444e-08
6.51822e-05
1.27882e-08
6.51839e-05
1.31406e-08
6.51856e-05
1.3681e-08
6.51875e-05
1.42647e-08
6.51893e-05
1.48041e-08
6.5191e-05
1.51432e-08
6.51928e-05
1.54334e-08
6.51947e-05
1.58896e-08
6.51967e-05
1.64202e-08
6.51987e-05
1.69974e-08
6.52005e-05
1.73972e-08
6.52024e-05
1.7612e-08
6.52045e-05
1.80292e-08
6.52067e-05
1.85893e-08
6.52088e-05
1.91147e-08
6.5211e-05
1.95593e-08
6.5213e-05
1.98373e-08
6.52153e-05
2.02553e-08
6.52176e-05
2.09453e-08
6.52198e-05
2.14247e-08
6.5222e-05
2.16781e-08
6.52245e-05
2.22088e-08
6.52271e-05
2.29355e-08
6.52295e-05
2.34066e-08
6.5232e-05
2.37819e-08
6.52346e-05
2.43693e-08
6.52372e-05
2.49295e-08
6.52399e-05
2.53557e-08
6.52427e-05
2.58985e-08
6.52455e-05
2.64708e-08
6.52483e-05
2.69316e-08
6.52511e-05
2.74122e-08
6.5254e-05
2.7901e-08
6.5257e-05
2.83516e-08
6.526e-05
2.89174e-08
6.52631e-05
2.95066e-08
6.52661e-05
2.99475e-08
6.52692e-05
3.04041e-08
6.52723e-05
3.10164e-08
6.52756e-05
3.15917e-08
6.52788e-05
3.20459e-08
6.52821e-05
3.25188e-08
6.52855e-05
3.30603e-08
6.5289e-05
3.35832e-08
6.52924e-05
3.40733e-08
6.5296e-05
3.45619e-08
6.52996e-05
3.50492e-08
6.53033e-05
3.54876e-08
6.53071e-05
3.58602e-08
6.53109e-05
3.61129e-08
6.53147e-05
3.62073e-08
6.53186e-05
3.60754e-08
6.53224e-05
3.5696e-08
6.53261e-05
3.50272e-08
6.53298e-05
3.4036e-08
6.53334e-05
3.2667e-08
6.53367e-05
3.08659e-08
6.53397e-05
2.8617e-08
6.53422e-05
2.59536e-08
6.53441e-05
2.29839e-08
6.53453e-05
1.98674e-08
6.53459e-05
1.67787e-08
6.53461e-05
1.38766e-08
6.53458e-05
1.12793e-08
6.53454e-05
9.0421e-09
6.53448e-05
7.21352e-09
6.53443e-05
5.72445e-09
6.53438e-05
4.59492e-09
6.53433e-05
3.67974e-09
6.53429e-05
3.02665e-09
6.53426e-05
2.4567e-09
6.53423e-05
2.08515e-09
6.53421e-05
1.68822e-09
6.5342e-05
1.48841e-09
6.53419e-05
1.16066e-09
6.53418e-05
1.07882e-09
7.6358e-10
7.09206e-05
4.08437e-09
7.09209e-05
4.19743e-09
7.09213e-05
4.33364e-09
7.09217e-05
4.50339e-09
7.09223e-05
4.72306e-09
7.0923e-05
5.03411e-09
7.09238e-05
5.42488e-09
7.09247e-05
5.80627e-09
7.09255e-05
6.12263e-09
7.09263e-05
6.35505e-09
7.09271e-05
6.55313e-09
7.09281e-05
6.75889e-09
7.09292e-05
7.06727e-09
7.09304e-05
7.5104e-09
7.09318e-05
7.97675e-09
7.0933e-05
8.38747e-09
7.09343e-05
8.67701e-09
7.09355e-05
8.91035e-09
7.09369e-05
9.17419e-09
7.09384e-05
9.5579e-09
7.094e-05
1.00567e-08
7.09417e-05
1.05278e-08
7.09433e-05
1.09148e-08
7.09449e-05
1.12052e-08
7.09465e-05
1.14837e-08
7.09483e-05
1.18926e-08
7.09502e-05
1.23854e-08
7.09521e-05
1.28855e-08
7.0954e-05
1.32846e-08
7.09558e-05
1.35673e-08
7.09578e-05
1.39132e-08
7.09599e-05
1.43477e-08
7.09621e-05
1.48336e-08
7.09642e-05
1.52743e-08
7.09662e-05
1.55543e-08
7.09684e-05
1.58653e-08
7.09707e-05
1.63167e-08
7.0973e-05
1.67928e-08
7.09753e-05
1.72393e-08
7.09776e-05
1.75658e-08
7.098e-05
1.78812e-08
7.09825e-05
1.84046e-08
7.0985e-05
1.89275e-08
7.09874e-05
1.92428e-08
7.099e-05
1.96157e-08
7.09928e-05
2.02025e-08
7.09955e-05
2.0722e-08
7.09981e-05
2.10881e-08
7.1001e-05
2.15464e-08
7.10038e-05
2.20703e-08
7.10067e-05
2.2487e-08
7.10097e-05
2.29263e-08
7.10127e-05
2.34379e-08
7.10157e-05
2.3887e-08
7.10188e-05
2.43161e-08
7.1022e-05
2.47755e-08
7.10251e-05
2.51951e-08
7.10284e-05
2.566e-08
7.10317e-05
2.61974e-08
7.1035e-05
2.66559e-08
7.10383e-05
2.7053e-08
7.10418e-05
2.75532e-08
7.10453e-05
2.8093e-08
7.10488e-05
2.85459e-08
7.10524e-05
2.89589e-08
7.1056e-05
2.94103e-08
7.10597e-05
2.98593e-08
7.10635e-05
3.02849e-08
7.10674e-05
3.07124e-08
7.10713e-05
3.11558e-08
7.10752e-05
3.15649e-08
7.10791e-05
3.19041e-08
7.10831e-05
3.21237e-08
7.10871e-05
3.21914e-08
7.10912e-05
3.20564e-08
7.10952e-05
3.16965e-08
7.10991e-05
3.10823e-08
7.1103e-05
3.01901e-08
7.11066e-05
2.89903e-08
7.111e-05
2.74557e-08
7.11131e-05
2.55846e-08
7.11156e-05
2.34033e-08
7.11176e-05
2.09835e-08
7.11191e-05
1.84276e-08
7.112e-05
1.58629e-08
7.11205e-05
1.34034e-08
7.11206e-05
1.11611e-08
7.11204e-05
9.17287e-09
7.11201e-05
7.50257e-09
7.11198e-05
6.088e-09
7.11194e-05
4.97513e-09
7.11191e-05
4.03593e-09
7.11187e-05
3.34305e-09
7.11185e-05
2.71969e-09
7.11182e-05
2.30635e-09
7.11181e-05
1.85866e-09
7.11179e-05
1.63035e-09
7.11178e-05
1.26217e-09
7.11177e-05
1.16478e-09
8.16397e-10
7.71908e-05
3.53208e-09
7.71913e-05
3.67443e-09
7.71918e-05
3.80914e-09
7.71924e-05
3.93876e-09
7.7193e-05
4.10241e-09
7.71937e-05
4.31717e-09
7.71946e-05
4.57945e-09
7.71955e-05
4.86763e-09
7.71965e-05
5.15817e-09
7.71974e-05
5.41074e-09
7.71984e-05
5.6103e-09
7.71993e-05
5.78376e-09
7.72004e-05
5.99649e-09
7.72016e-05
6.28444e-09
7.7203e-05
6.62839e-09
7.72044e-05
6.9914e-09
7.72058e-05
7.30725e-09
7.72071e-05
7.55223e-09
7.72085e-05
7.77591e-09
7.721e-05
8.04352e-09
7.72117e-05
8.40175e-09
7.72134e-05
8.80691e-09
7.72151e-05
9.19203e-09
7.72168e-05
9.5098e-09
7.72185e-05
9.76466e-09
7.72204e-05
1.00592e-08
7.72223e-05
1.04269e-08
7.72244e-05
1.08416e-08
7.72264e-05
1.12399e-08
7.72284e-05
1.15431e-08
7.72305e-05
1.18286e-08
7.72327e-05
1.21686e-08
7.7235e-05
1.25603e-08
7.72373e-05
1.29751e-08
7.72395e-05
1.32975e-08
7.72418e-05
1.35661e-08
7.72442e-05
1.39122e-08
7.72467e-05
1.43074e-08
7.72493e-05
1.47084e-08
7.72518e-05
1.50571e-08
7.72543e-05
1.53442e-08
7.7257e-05
1.57277e-08
7.72597e-05
1.61955e-08
7.72624e-05
1.65553e-08
7.72652e-05
1.6863e-08
7.72681e-05
1.72978e-08
7.7271e-05
1.77752e-08
7.72739e-05
1.81504e-08
7.7277e-05
1.85228e-08
7.72801e-05
1.89668e-08
7.72832e-05
1.93697e-08
7.72864e-05
1.97438e-08
7.72896e-05
2.01705e-08
7.72929e-05
2.0588e-08
7.72963e-05
2.09734e-08
7.72997e-05
2.13798e-08
7.73031e-05
2.17678e-08
7.73066e-05
2.21576e-08
7.73102e-05
2.26133e-08
7.73138e-05
2.3062e-08
7.73174e-05
2.34388e-08
7.73211e-05
2.38433e-08
7.73249e-05
2.42994e-08
7.73287e-05
2.47166e-08
7.73326e-05
2.50801e-08
7.73366e-05
2.54638e-08
7.73405e-05
2.58683e-08
7.73446e-05
2.62635e-08
7.73486e-05
2.66438e-08
7.73528e-05
2.7022e-08
7.7357e-05
2.73677e-08
7.73612e-05
2.76529e-08
7.73655e-05
2.78395e-08
7.73698e-05
2.79004e-08
7.73741e-05
2.77955e-08
7.73782e-05
2.75001e-08
7.73823e-05
2.69889e-08
7.73863e-05
2.62429e-08
7.739e-05
2.52448e-08
7.73935e-05
2.39824e-08
7.73966e-05
2.24606e-08
7.73993e-05
2.07018e-08
7.74016e-05
1.87608e-08
7.74033e-05
1.67057e-08
7.74045e-05
1.46304e-08
7.74053e-05
1.2606e-08
7.74057e-05
1.07252e-08
7.74059e-05
9.00719e-09
7.74059e-05
7.52373e-09
7.74058e-05
6.22352e-09
7.74056e-05
5.17031e-09
7.74053e-05
4.25084e-09
7.74051e-05
3.55478e-09
7.74049e-05
2.90996e-09
7.74048e-05
2.47442e-09
7.74046e-05
1.99572e-09
7.74045e-05
1.74576e-09
7.74044e-05
1.34984e-09
7.74044e-05
1.24093e-09
8.64122e-10
8.40151e-05
2.85417e-09
8.40158e-05
2.98181e-09
8.40165e-05
3.1169e-09
8.40172e-05
3.25219e-09
8.40179e-05
3.38917e-09
8.40187e-05
3.53514e-09
8.40196e-05
3.70258e-09
8.40206e-05
3.89705e-09
8.40216e-05
4.11345e-09
8.40227e-05
4.32957e-09
8.40238e-05
4.52338e-09
8.40249e-05
4.69314e-09
8.4026e-05
4.8559e-09
8.40272e-05
5.04421e-09
8.40286e-05
5.27716e-09
8.403e-05
5.54961e-09
8.40315e-05
5.82603e-09
8.4033e-05
6.06779e-09
8.40345e-05
6.27647e-09
8.40361e-05
6.48105e-09
8.40377e-05
6.72642e-09
8.40395e-05
7.02537e-09
8.40414e-05
7.34333e-09
8.40432e-05
7.63771e-09
8.40451e-05
7.88466e-09
8.40471e-05
8.12186e-09
8.40491e-05
8.39701e-09
8.40512e-05
8.71714e-09
8.40534e-05
9.05434e-09
8.40556e-05
9.34789e-09
8.40578e-05
9.60223e-09
8.40601e-05
9.86899e-09
8.40625e-05
1.01695e-08
8.4065e-05
1.05065e-08
8.40675e-05
1.08192e-08
8.40699e-05
1.10756e-08
8.40725e-05
1.13443e-08
8.40752e-05
1.16545e-08
8.40779e-05
1.19896e-08
8.40806e-05
1.23116e-08
8.40834e-05
1.25833e-08
8.40862e-05
1.28762e-08
8.40892e-05
1.32434e-08
8.40922e-05
1.35916e-08
8.40951e-05
1.38812e-08
8.40982e-05
1.42068e-08
8.41014e-05
1.45915e-08
8.41046e-05
1.49465e-08
8.41079e-05
1.5267e-08
8.41112e-05
1.56225e-08
8.41146e-05
1.59824e-08
8.4118e-05
1.631e-08
8.41216e-05
1.66532e-08
8.41251e-05
1.70133e-08
8.41288e-05
1.7355e-08
8.41324e-05
1.77029e-08
8.41361e-05
1.80498e-08
8.41399e-05
1.83853e-08
8.41438e-05
1.8752e-08
8.41477e-05
1.91437e-08
8.41516e-05
1.94953e-08
8.41557e-05
1.98352e-08
8.41597e-05
2.02104e-08
8.41639e-05
2.05859e-08
8.4168e-05
2.09179e-08
8.41723e-05
2.12405e-08
8.41766e-05
2.15739e-08
8.41809e-05
2.19082e-08
8.41853e-05
2.22332e-08
8.41898e-05
2.25592e-08
8.41943e-05
2.28678e-08
8.41988e-05
2.31315e-08
8.42033e-05
2.33139e-08
8.42078e-05
2.33902e-08
8.42123e-05
2.33309e-08
8.42167e-05
2.31149e-08
8.4221e-05
2.27226e-08
8.42251e-05
2.21417e-08
8.42289e-05
2.13642e-08
8.42325e-05
2.03843e-08
8.42358e-05
1.92102e-08
8.42386e-05
1.78587e-08
8.4241e-05
1.63683e-08
8.42429e-05
1.47759e-08
8.42444e-05
1.31491e-08
8.42455e-05
1.15293e-08
8.42462e-05
9.99499e-09
8.42467e-05
8.55437e-09
8.42469e-05
7.27962e-09
8.4247e-05
6.1262e-09
8.4247e-05
5.16695e-09
8.4247e-05
4.30126e-09
8.42469e-05
3.63069e-09
8.42468e-05
2.99134e-09
8.42467e-05
2.55213e-09
8.42467e-05
2.06208e-09
8.42466e-05
1.80145e-09
8.42466e-05
1.39123e-09
8.42466e-05
1.274e-09
8.86009e-10
9.14424e-05
2.10594e-09
9.14432e-05
2.19764e-09
9.1444e-05
2.30161e-09
9.14449e-05
2.41157e-09
9.14457e-05
2.52212e-09
9.14466e-05
2.63185e-09
9.14476e-05
2.74626e-09
9.14486e-05
2.87221e-09
9.14497e-05
3.01376e-09
9.14509e-05
3.16632e-09
9.14521e-05
3.31881e-09
9.14533e-05
3.46284e-09
9.14546e-05
3.59646e-09
9.14559e-05
3.73203e-09
9.14573e-05
3.88545e-09
9.14588e-05
4.06405e-09
9.14603e-05
4.26132e-09
9.14619e-05
4.45606e-09
9.14636e-05
4.63611e-09
9.14653e-05
4.80441e-09
9.1467e-05
4.97959e-09
9.14688e-05
5.18257e-09
9.14708e-05
5.40915e-09
9.14728e-05
5.64129e-09
9.14748e-05
5.85697e-09
9.14769e-05
6.05376e-09
9.1479e-05
6.25675e-09
9.14812e-05
6.48147e-09
9.14836e-05
6.72788e-09
9.14859e-05
6.97295e-09
9.14884e-05
7.1935e-09
9.14908e-05
7.4049e-09
9.14934e-05
7.63e-09
9.1496e-05
7.87746e-09
9.14987e-05
8.13088e-09
9.15014e-05
8.36121e-09
9.15042e-05
8.58061e-09
9.1507e-05
8.81592e-09
9.15099e-05
9.0714e-09
9.15129e-05
9.33362e-09
9.15159e-05
9.57637e-09
9.1519e-05
9.81136e-09
9.15221e-05
1.00801e-08
9.15253e-05
1.03657e-08
9.15286e-05
1.06251e-08
9.15319e-05
1.08799e-08
9.15354e-05
1.11677e-08
9.15388e-05
1.14623e-08
9.15424e-05
1.17336e-08
9.1546e-05
1.20115e-08
9.15497e-05
1.2304e-08
9.15534e-05
1.25819e-08
9.15572e-05
1.28569e-08
9.15611e-05
1.3147e-08
9.1565e-05
1.34334e-08
9.1569e-05
1.3719e-08
9.1573e-05
1.40094e-08
9.15771e-05
1.42945e-08
9.15813e-05
1.45875e-08
9.15855e-05
1.4904e-08
9.15898e-05
1.52106e-08
9.15941e-05
1.54988e-08
9.15985e-05
1.5795e-08
9.1603e-05
1.61006e-08
9.16075e-05
1.63857e-08
9.16121e-05
1.66592e-08
9.16168e-05
1.69383e-08
9.16214e-05
1.72252e-08
9.16262e-05
1.75075e-08
9.16309e-05
1.77852e-08
9.16358e-05
1.80469e-08
9.16406e-05
1.82767e-08
9.16455e-05
1.84509e-08
9.16503e-05
1.85513e-08
9.16551e-05
1.85563e-08
9.16598e-05
1.84466e-08
9.16643e-05
1.82037e-08
9.16686e-05
1.78182e-08
9.16727e-05
1.72845e-08
9.16765e-05
1.65986e-08
9.16799e-05
1.57669e-08
9.1683e-05
1.47997e-08
9.16856e-05
1.37282e-08
9.16878e-05
1.25689e-08
9.16896e-05
1.13688e-08
9.1691e-05
1.01476e-08
9.1692e-05
8.96618e-09
9.16927e-05
7.82407e-09
9.16932e-05
6.78659e-09
9.16936e-05
5.81604e-09
9.16937e-05
4.98663e-09
9.16938e-05
4.21215e-09
9.16939e-05
3.59738e-09
9.16939e-05
2.99362e-09
9.16938e-05
2.56978e-09
9.16938e-05
2.08898e-09
9.16938e-05
1.82695e-09
9.16938e-05
1.41565e-09
9.16937e-05
1.29436e-09
9.02331e-10
9.95267e-05
9.95276e-05
9.95285e-05
9.95295e-05
9.95305e-05
9.95315e-05
9.95326e-05
9.95337e-05
9.95349e-05
9.95362e-05
9.95375e-05
9.95389e-05
9.95403e-05
9.95417e-05
9.95432e-05
9.95448e-05
9.95464e-05
9.95482e-05
9.95499e-05
9.95518e-05
9.95536e-05
9.95556e-05
9.95577e-05
9.95598e-05
9.9562e-05
9.95642e-05
9.95665e-05
9.95689e-05
9.95713e-05
9.95739e-05
9.95765e-05
9.95791e-05
9.95818e-05
9.95846e-05
9.95875e-05
9.95904e-05
9.95934e-05
9.95965e-05
9.95996e-05
9.96028e-05
9.96061e-05
9.96094e-05
9.96128e-05
9.96163e-05
9.96198e-05
9.96234e-05
9.96271e-05
9.96308e-05
9.96346e-05
9.96385e-05
9.96425e-05
9.96465e-05
9.96506e-05
9.96548e-05
9.9659e-05
9.96633e-05
9.96677e-05
9.96721e-05
9.96766e-05
9.96812e-05
9.96859e-05
9.96906e-05
9.96953e-05
9.97002e-05
9.97051e-05
9.971e-05
9.9715e-05
9.972e-05
9.97251e-05
9.97302e-05
9.97354e-05
9.97406e-05
9.97458e-05
9.97509e-05
9.97559e-05
9.97608e-05
9.97654e-05
9.97699e-05
9.97741e-05
9.9778e-05
9.97816e-05
9.97848e-05
9.97875e-05
9.97899e-05
9.97919e-05
9.97935e-05
9.97948e-05
9.97958e-05
9.97966e-05
9.97972e-05
9.97976e-05
9.97979e-05
9.97982e-05
9.97984e-05
9.97985e-05
9.97987e-05
9.97988e-05
9.97988e-05
9.97989e-05
)
;

boundaryField
{
    zeroGradientPlanes
    {
        type            calculated;
        value           nonuniform List<scalar> 
160
(
4.16137e-11
2.465e-09
1.60138e-09
-6.03495e-11
-1.08367e-09
-8.93304e-10
-8.5192e-10
3.29586e-11
8.99116e-10
2.56994e-09
3.97752e-09
5.21337e-09
5.07456e-09
2.42291e-09
-1.26191e-09
-3.83174e-09
-5.91089e-09
-6.96487e-09
-7.40462e-09
-7.34651e-09
1.64739e-05
2.15572e-05
2.36403e-05
2.57349e-05
2.801e-05
3.0486e-05
3.31809e-05
3.61141e-05
3.93065e-05
4.27811e-05
4.65629e-05
5.0679e-05
5.51589e-05
6.00348e-05
6.53417e-05
7.11177e-05
7.74043e-05
8.42465e-05
9.16937e-05
9.97989e-05
2.37389e-10
6.96714e-10
1.06998e-09
1.36418e-09
1.58734e-09
1.75259e-09
1.8625e-09
1.92023e-09
1.94052e-09
1.9364e-09
1.91261e-09
1.86904e-09
1.808e-09
1.73577e-09
1.65807e-09
1.57818e-09
1.4959e-09
1.41151e-09
1.32538e-09
1.24178e-09
1.27756e-09
1.32684e-09
1.38419e-09
1.44894e-09
1.51845e-09
1.59016e-09
1.66314e-09
1.73901e-09
1.82074e-09
1.9098e-09
2.00459e-09
2.10126e-09
2.19577e-09
2.28821e-09
2.38331e-09
2.48783e-09
2.60517e-09
2.73077e-09
2.85784e-09
2.98e-09
3.09891e-09
3.22509e-09
3.36386e-09
3.51489e-09
3.66848e-09
3.81471e-09
3.95768e-09
4.10435e-09
4.26428e-09
4.43482e-09
4.59883e-09
4.75671e-09
4.91429e-09
5.07704e-09
5.25512e-09
5.43352e-09
5.59812e-09
5.76407e-09
5.94234e-09
6.13019e-09
6.31789e-09
6.49692e-09
6.68247e-09
6.8872e-09
7.09186e-09
7.28542e-09
7.48845e-09
7.70509e-09
7.91465e-09
8.1216e-09
8.33921e-09
8.55414e-09
8.76216e-09
8.97796e-09
9.19739e-09
9.4162e-09
9.63924e-09
9.86283e-09
1.00848e-08
1.03196e-08
1.05608e-08
1.07949e-08
1.10268e-08
1.12677e-08
1.15047e-08
1.17327e-08
1.1957e-08
1.21855e-08
1.2415e-08
1.26458e-08
1.28718e-08
1.30849e-08
1.32734e-08
1.34314e-08
1.35458e-08
1.35864e-08
1.35236e-08
1.33543e-08
1.30779e-08
1.2693e-08
1.22093e-08
1.163e-08
1.09625e-08
1.02067e-08
9.39291e-09
8.53153e-09
7.67027e-09
6.80801e-09
6.00117e-09
5.22145e-09
4.53673e-09
3.87836e-09
3.34233e-09
2.80456e-09
2.41696e-09
1.97556e-09
1.72666e-09
1.34548e-09
1.22776e-09
8.58077e-10
)
;
    }
    inlet
    {
        type            calculated;
        value           nonuniform List<scalar> 
20
(
-1.99006e-05
-2.16598e-05
-2.35745e-05
-2.56584e-05
-2.79266e-05
-3.03953e-05
-3.30822e-05
-3.60066e-05
-3.91895e-05
-4.26538e-05
-4.64243e-05
-5.05282e-05
-5.49948e-05
-5.98562e-05
-6.51474e-05
-7.09063e-05
-7.71743e-05
-8.39964e-05
-9.14216e-05
-9.95031e-05
)
;
    }
    plate
    {
        type            calculated;
        value           uniform 0;
    }
    frontAndBack
    {
        type            empty;
        value           nonuniform List<scalar> 0();
    }
}


// ************************************************************************* //
