/*--------------------------------*- C++ -*----------------------------------*\
| =========                 |                                                 |
| \\      /  F ield         | OpenFOAM: The Open Source CFD Toolbox           |
|  \\    /   O peration     | Version:  v2012                                 |
|   \\  /    A nd           | Website:  www.openfoam.com                      |
|    \\/     M anipulation  |                                                 |
\*---------------------------------------------------------------------------*/
FoamFile
{
    version     2.0;
    format      ascii;
    class       volVectorField;
    location    "0.4";
    object      U;
}
// * * * * * * * * * * * * * * * * * * * * * * * * * * * * * * * * * * * * * //

dimensions      [0 1 -1 0 0 0 0];


internalField   nonuniform List<vector> 
2400
(
(0.997593 -8.18885e-07 0)
(1.00222 -2.90596e-05 0)
(0.997921 -1.63386e-05 0)
(1.00182 1.42666e-06 0)
(0.998173 1.67744e-05 0)
(1.00147 1.25267e-05 0)
(0.998378 1.20635e-05 0)
(1.00118 -1.50675e-06 0)
(0.998562 -2.33682e-05 0)
(1.00094 -6.7126e-05 0)
(0.99873 -0.000108214 0)
(1.00077 -0.000141647 0)
(0.998937 -0.000119789 0)
(1.00075 -5.04141e-05 0)
(0.999311 6.1376e-05 0)
(1.00096 0.000173827 0)
(0.999816 0.000273754 0)
(1.00121 0.000337292 0)
(1.0001 0.000380425 0)
(1.00099 0.000408784 0)
(0.999944 -2.74112e-06 0)
(1.00004 -3.09401e-05 0)
(0.999938 -2.32184e-05 0)
(0.999977 -5.4366e-07 0)
(0.999885 2.64195e-05 0)
(0.999894 2.47698e-05 0)
(0.999824 1.61488e-05 0)
(0.999824 -1.43042e-05 0)
(0.999767 -4.09594e-05 0)
(0.999767 -7.78884e-05 0)
(0.999746 -8.57032e-05 0)
(0.999802 -5.81575e-05 0)
(0.999887 2.96971e-05 0)
(1.00005 0.000162845 0)
(1.00023 0.000318509 0)
(1.00043 0.000450924 0)
(1.00059 0.000546959 0)
(1.00071 0.000585981 0)
(1.00071 0.000590888 0)
(1.00055 0.000580697 0)
(0.999999 -4.27792e-06 0)
(0.999995 -9.25909e-07 0)
(0.999979 -1.62946e-05 0)
(0.999956 -2.26201e-05 0)
(0.999919 1.98722e-07 0)
(0.999873 3.01965e-05 0)
(0.999834 2.30335e-05 0)
(0.999804 2.43039e-06 0)
(0.999783 -3.912e-06 0)
(0.99978 1.6807e-05 0)
(0.999808 7.56722e-05 0)
(0.999872 0.000169149 0)
(0.999977 0.00026629 0)
(1.00012 0.000353839 0)
(1.00028 0.000411995 0)
(1.00044 0.000441542 0)
(1.00057 0.000442256 0)
(1.00065 0.00041682 0)
(1.00064 0.000373579 0)
(1.00049 0.00033316 0)
(0.999999 -1.38044e-06 0)
(0.999992 -2.24488e-06 0)
(0.999972 -8.52422e-06 0)
(0.999955 -2.13762e-05 0)
(0.999932 -1.63365e-05 0)
(0.999883 2.44715e-05 0)
(0.999831 4.69723e-05 0)
(0.9998 5.59631e-05 0)
(0.999787 6.36906e-05 0)
(0.9998 9.27517e-05 0)
(0.99984 0.000142333 0)
(0.999911 0.000207758 0)
(1.00001 0.000275054 0)
(1.00015 0.000330175 0)
(1.0003 0.000367498 0)
(1.00045 0.000387492 0)
(1.00057 0.000389503 0)
(1.00064 0.000377073 0)
(1.00063 0.000353599 0)
(1.00049 0.000332276 0)
(1 4.713e-07 0)
(0.999993 -4.96848e-06 0)
(0.999974 -5.17036e-07 0)
(0.999954 3.6275e-06 0)
(0.999935 -8.02666e-06 0)
(0.999897 6.91443e-06 0)
(0.999846 4.95764e-05 0)
(0.99981 9.74568e-05 0)
(0.999801 0.000134275 0)
(0.999823 0.000171044 0)
(0.999876 0.000214089 0)
(0.999958 0.000270914 0)
(1.00006 0.000332588 0)
(1.00019 0.000388328 0)
(1.00033 0.00042284 0)
(1.00046 0.000434841 0)
(1.00056 0.000421006 0)
(1.00061 0.000387778 0)
(1.00058 0.000342117 0)
(1.00046 0.000298686 0)
(0.999999 3.58259e-07 0)
(0.999993 -4.16964e-07 0)
(0.999976 5.64308e-07 0)
(0.999954 1.23439e-05 0)
(0.999934 1.04864e-05 0)
(0.999908 1.77331e-05 0)
(0.999874 5.52849e-05 0)
(0.999844 0.00011835 0)
(0.999829 0.000185548 0)
(0.999848 0.000240931 0)
(0.999906 0.000284091 0)
(0.999996 0.000324701 0)
(1.0001 0.00036452 0)
(1.00022 0.000399282 0)
(1.00034 0.000416309 0)
(1.00045 0.000413577 0)
(1.00052 0.000389417 0)
(1.00055 0.000349123 0)
(1.00051 0.000300561 0)
(1.0004 0.000256144 0)
(1 7.86119e-07 0)
(0.999993 4.13687e-06 0)
(0.999978 6.36896e-06 0)
(0.999957 1.69137e-05 0)
(0.999938 3.19756e-05 0)
(0.999918 5.06758e-05 0)
(0.999897 8.09537e-05 0)
(0.999882 0.000132658 0)
(0.999874 0.000203445 0)
(0.999887 0.000278034 0)
(0.999935 0.000330207 0)
(1.00002 0.000362555 0)
(1.00013 0.000379231 0)
(1.00024 0.000387976 0)
(1.00034 0.000386489 0)
(1.00043 0.000374899 0)
(1.00048 0.000352427 0)
(1.0005 0.000321823 0)
(1.00045 0.000286511 0)
(1.00035 0.000255141 0)
(0.999999 2.35989e-06 0)
(0.999994 6.23874e-06 0)
(0.999979 1.36572e-05 0)
(0.999962 2.67968e-05 0)
(0.999948 4.55545e-05 0)
(0.999931 7.51563e-05 0)
(0.999917 0.000109376 0)
(0.999915 0.000152732 0)
(0.999922 0.000210952 0)
(0.999936 0.000280039 0)
(0.999969 0.000339286 0)
(1.00003 0.000373101 0)
(1.00013 0.000381698 0)
(1.00023 0.000374962 0)
(1.00033 0.000359472 0)
(1.00041 0.000340467 0)
(1.00045 0.000318553 0)
(1.00046 0.00029572 0)
(1.00041 0.000273644 0)
(1.00031 0.000255536 0)
(1 3.83824e-06 0)
(0.999994 1.04787e-05 0)
(0.999984 2.06135e-05 0)
(0.999968 3.9757e-05 0)
(0.999958 6.03542e-05 0)
(0.99995 9.17895e-05 0)
(0.99994 0.000130993 0)
(0.999944 0.000174884 0)
(0.999961 0.00022031 0)
(0.999982 0.000272282 0)
(1.00001 0.000324008 0)
(1.00005 0.000361557 0)
(1.00012 0.000376056 0)
(1.00021 0.000370301 0)
(1.0003 0.00034989 0)
(1.00037 0.0003236 0)
(1.00042 0.00029791 0)
(1.00042 0.000275612 0)
(1.00038 0.000260832 0)
(1.0003 0.000253884 0)
(1 5.00904e-06 0)
(0.999995 1.5293e-05 0)
(0.999987 2.82478e-05 0)
(0.999977 4.95983e-05 0)
(0.999971 7.50136e-05 0)
(0.999968 0.000105243 0)
(0.999966 0.000144484 0)
(0.999972 0.000185604 0)
(0.999991 0.000225337 0)
(1.00002 0.000264269 0)
(1.00004 0.000302734 0)
(1.00008 0.000335294 0)
(1.00013 0.000353913 0)
(1.00019 0.000355227 0)
(1.00026 0.000340164 0)
(1.00033 0.000314633 0)
(1.00037 0.000286999 0)
(1.00039 0.000262517 0)
(1.00037 0.000247153 0)
(1.0003 0.000244234 0)
(1 6.38781e-06 0)
(0.999996 2.02096e-05 0)
(0.999993 3.53969e-05 0)
(0.999986 5.88048e-05 0)
(0.999984 8.57198e-05 0)
(0.999987 0.000115672 0)
(0.999989 0.00015161 0)
(0.999999 0.000188099 0)
(1.00002 0.000223578 0)
(1.00005 0.0002547 0)
(1.00007 0.000283548 0)
(1.0001 0.000307896 0)
(1.00014 0.000324192 0)
(1.00018 0.000330143 0)
(1.00023 0.000324631 0)
(1.00028 0.000307799 0)
(1.00032 0.000285768 0)
(1.00034 0.00026288 0)
(1.00034 0.000244519 0)
(1.0003 0.000238173 0)
(1 7.71941e-06 0)
(0.999998 2.44804e-05 0)
(0.999997 4.25348e-05 0)
(0.999995 6.47714e-05 0)
(0.999997 9.33409e-05 0)
(1 0.000121905 0)
(1.00001 0.00015366 0)
(1.00002 0.000186468 0)
(1.00004 0.000215535 0)
(1.00007 0.000241647 0)
(1.00009 0.000263785 0)
(1.00012 0.000282575 0)
(1.00015 0.000295011 0)
(1.00018 0.000300994 0)
(1.00022 0.000301178 0)
(1.00025 0.000293834 0)
(1.00028 0.000280847 0)
(1.0003 0.000265641 0)
(1.0003 0.000249191 0)
(1.00028 0.00023981 0)
(1 9.30356e-06 0)
(1 2.74e-05 0)
(1 4.74016e-05 0)
(1 7.03489e-05 0)
(1.00001 9.60971e-05 0)
(1.00002 0.00012295 0)
(1.00003 0.000151283 0)
(1.00004 0.000178617 0)
(1.00006 0.000203746 0)
(1.00008 0.000224895 0)
(1.00011 0.000242876 0)
(1.00013 0.000257902 0)
(1.00015 0.00026865 0)
(1.00018 0.00027433 0)
(1.00021 0.000275404 0)
(1.00023 0.000274039 0)
(1.00025 0.000268583 0)
(1.00026 0.000261805 0)
(1.00027 0.000252309 0)
(1.00026 0.00024386 0)
(1 1.01492e-05 0)
(1 2.97052e-05 0)
(1.00001 5.02425e-05 0)
(1.00001 7.20197e-05 0)
(1.00002 9.66407e-05 0)
(1.00003 0.0001199 0)
(1.00004 0.000143956 0)
(1.00006 0.000168324 0)
(1.00007 0.000188737 0)
(1.0001 0.00020631 0)
(1.00012 0.000220343 0)
(1.00014 0.000232962 0)
(1.00015 0.000242567 0)
(1.00018 0.000248617 0)
(1.0002 0.000250729 0)
(1.00022 0.000250986 0)
(1.00024 0.000249651 0)
(1.00024 0.000247933 0)
(1.00024 0.000245314 0)
(1.00024 0.000241585 0)
(1 1.05577e-05 0)
(1 3.04529e-05 0)
(1.00001 5.06001e-05 0)
(1.00002 7.12636e-05 0)
(1.00003 9.3095e-05 0)
(1.00004 0.000114347 0)
(1.00006 0.000133749 0)
(1.00007 0.000153756 0)
(1.00009 0.000171352 0)
(1.0001 0.00018577 0)
(1.00012 0.000197308 0)
(1.00014 0.000207491 0)
(1.00016 0.000216229 0)
(1.00017 0.000222681 0)
(1.00019 0.000226068 0)
(1.00021 0.000227349 0)
(1.00023 0.000227492 0)
(1.00023 0.000227945 0)
(1.00023 0.00022892 0)
(1.00022 0.000229735 0)
(1 1.02631e-05 0)
(1 2.98226e-05 0)
(1.00001 4.85159e-05 0)
(1.00002 6.73445e-05 0)
(1.00003 8.63563e-05 0)
(1.00005 0.000104801 0)
(1.00006 0.000121135 0)
(1.00008 0.00013701 0)
(1.00009 0.000151724 0)
(1.00011 0.000163997 0)
(1.00013 0.000173613 0)
(1.00015 0.000181784 0)
(1.00016 0.000189172 0)
(1.00017 0.000195522 0)
(1.00019 0.000199861 0)
(1.0002 0.000202374 0)
(1.00022 0.000203786 0)
(1.00022 0.000205001 0)
(1.00023 0.000207151 0)
(1.00022 0.00020991 0)
(1 9.44168e-06 0)
(1 2.73941e-05 0)
(1.00001 4.41159e-05 0)
(1.00002 6.04598e-05 0)
(1.00004 7.64947e-05 0)
(1.00005 9.19536e-05 0)
(1.00007 0.000105462 0)
(1.00008 0.000117837 0)
(1.0001 0.000129517 0)
(1.00011 0.000139824 0)
(1.00013 0.000148101 0)
(1.00015 0.000154906 0)
(1.00016 0.000161068 0)
(1.00017 0.000166758 0)
(1.00018 0.000171572 0)
(1.0002 0.000175047 0)
(1.00021 0.000177521 0)
(1.00022 0.000179547 0)
(1.00022 0.000182029 0)
(1.00022 0.000185248 0)
(1 8.16247e-06 0)
(1.00001 2.3502e-05 0)
(1.00001 3.75871e-05 0)
(1.00003 5.08552e-05 0)
(1.00004 6.35302e-05 0)
(1.00006 7.55631e-05 0)
(1.00007 8.6128e-05 0)
(1.00009 9.55059e-05 0)
(1.0001 0.000104287 0)
(1.00012 0.000112367 0)
(1.00013 0.000119255 0)
(1.00015 0.000124847 0)
(1.00016 0.000129724 0)
(1.00017 0.000134276 0)
(1.00018 0.000138452 0)
(1.00019 0.000141875 0)
(1.00021 0.000144503 0)
(1.00022 0.00014663 0)
(1.00022 0.000148763 0)
(1.00023 0.000151437 0)
(1 6.69726e-06 0)
(1.00001 1.93639e-05 0)
(1.00001 3.11083e-05 0)
(1.00003 4.21539e-05 0)
(1.00004 5.25522e-05 0)
(1.00006 6.24327e-05 0)
(1.00007 7.14049e-05 0)
(1.00009 7.9299e-05 0)
(1.00011 8.65423e-05 0)
(1.00012 9.33702e-05 0)
(1.00013 9.95836e-05 0)
(1.00015 0.000104937 0)
(1.00016 0.000109578 0)
(1.00017 0.000113813 0)
(1.00018 0.000117752 0)
(1.00019 0.000121275 0)
(1.0002 0.000124221 0)
(1.00021 0.00012665 0)
(1.00022 0.000128808 0)
(1.00023 0.000131076 0)
(1 2.97628e-06 0)
(1.00001 8.73431e-06 0)
(1.00002 1.42138e-05 0)
(1.00003 1.94535e-05 0)
(1.00004 2.44315e-05 0)
(1.00006 2.91867e-05 0)
(1.00008 3.35987e-05 0)
(1.00009 3.75622e-05 0)
(1.00011 4.12025e-05 0)
(1.00012 4.46417e-05 0)
(1.00014 4.78559e-05 0)
(1.00015 5.07402e-05 0)
(1.00016 5.32754e-05 0)
(1.00018 5.55598e-05 0)
(1.00019 5.76763e-05 0)
(1.0002 5.96439e-05 0)
(1.0002 6.13974e-05 0)
(1.00021 6.29314e-05 0)
(1.00022 6.42778e-05 0)
(1.00023 6.55592e-05 0)
(0.999623 0.00044697 0)
(0.998177 0.000506121 0)
(0.996788 0.00057347 0)
(0.995515 0.000640285 0)
(0.99437 0.00070001 0)
(0.993335 0.000746539 0)
(0.992374 0.000779278 0)
(0.991436 0.00079626 0)
(0.990479 0.000801119 0)
(0.98947 0.000799779 0)
(0.988402 0.000794882 0)
(0.987293 0.000791869 0)
(0.986151 0.000790236 0)
(0.984979 0.000790689 0)
(0.983761 0.000795202 0)
(0.982477 0.000800149 0)
(0.98115 0.000805784 0)
(0.979804 0.000809632 0)
(0.978477 0.000810175 0)
(0.977181 0.00081137 0)
(0.975882 0.000810646 0)
(0.974541 0.000810516 0)
(0.973128 0.000812285 0)
(0.971671 0.000813355 0)
(0.970226 0.000818058 0)
(0.968788 0.000822992 0)
(0.967329 0.000826322 0)
(0.965801 0.000833658 0)
(0.964205 0.00083827 0)
(0.962582 0.000841217 0)
(0.960948 0.000843433 0)
(0.959314 0.00083876 0)
(0.957665 0.000834822 0)
(0.955948 0.000831638 0)
(0.954216 0.000818562 0)
(0.952512 0.000808911 0)
(0.950815 0.000804018 0)
(0.949082 0.000795814 0)
(0.947301 0.000798109 0)
(0.945457 0.000813486 0)
(0.943619 0.000824736 0)
(0.941721 0.000842724 0)
(0.939702 0.000870083 0)
(0.937586 0.000883869 0)
(0.935486 0.000879968 0)
(0.933328 0.000870306 0)
(0.931151 0.000846045 0)
(0.929001 0.000808048 0)
(0.926952 0.000773247 0)
(0.924904 0.000751269 0)
(0.9229 0.000756069 0)
(0.920787 0.000793953 0)
(0.918545 0.000831435 0)
(0.916133 0.000834087 0)
(0.913759 0.000825222 0)
(0.91131 0.000827564 0)
(0.908867 0.000829968 0)
(0.906336 0.000824061 0)
(0.903841 0.000830765 0)
(0.901181 0.000838942 0)
(0.898536 0.000829008 0)
(0.895835 0.000812898 0)
(0.893213 0.000818355 0)
(0.890407 0.000828587 0)
(0.887607 0.000816187 0)
(0.884747 0.000798499 0)
(0.881987 0.000805714 0)
(0.879034 0.000825806 0)
(0.876024 0.000818374 0)
(0.872933 0.000789525 0)
(0.870005 0.000781023 0)
(0.866968 0.000809034 0)
(0.86381 0.000833486 0)
(0.860404 0.0008126 0)
(0.857135 0.000762076 0)
(0.853965 0.000735798 0)
(0.850965 0.000768112 0)
(0.847656 0.000830572 0)
(0.844089 0.000863291 0)
(0.840189 0.000822538 0)
(0.836539 0.000707293 0)
(0.833316 0.000555805 0)
(0.83097 0.00041012 0)
(0.829312 0.000296849 0)
(0.828431 0.0002114 0)
(0.827897 0.000143117 0)
(0.827773 9.7728e-05 0)
(0.827658 6.66841e-05 0)
(0.827743 4.40812e-05 0)
(0.827703 2.9104e-05 0)
(0.8278 1.71327e-05 0)
(0.827756 1.10345e-05 0)
(0.827836 5.50257e-06 0)
(0.827777 3.14593e-06 0)
(0.827854 1.1529e-06 0)
(0.827778 1.28354e-06 0)
(0.827853 -7.67703e-07 0)
(0.827769 1.45293e-06 0)
(0.827832 -1.02064e-06 0)
(0.827735 3.01257e-06 0)
(1.00023 0.000596679 0)
(0.999831 0.000656969 0)
(0.999485 0.00074733 0)
(0.999252 0.000849708 0)
(0.999154 0.000950167 0)
(0.999177 0.00103545 0)
(0.999287 0.00109748 0)
(0.999444 0.00113201 0)
(0.999606 0.00114063 0)
(0.999745 0.00113278 0)
(0.99985 0.00111749 0)
(0.999936 0.00110241 0)
(1.00001 0.00109112 0)
(1.00007 0.00108519 0)
(1.00011 0.00108765 0)
(1.00009 0.00109573 0)
(1.00005 0.00110561 0)
(0.999998 0.00111377 0)
(0.999985 0.00111687 0)
(1.00002 0.0011184 0)
(1.00007 0.00111751 0)
(1.0001 0.00111566 0)
(1.00008 0.00111546 0)
(1.00004 0.00111415 0)
(1.00003 0.00111616 0)
(1.00005 0.00112089 0)
(1.00008 0.00112306 0)
(1.00007 0.00112963 0)
(1.00003 0.0011369 0)
(0.999976 0.00114051 0)
(0.999951 0.00114164 0)
(0.999946 0.00113817 0)
(0.999945 0.00113469 0)
(0.999891 0.00113293 0)
(0.999842 0.00112213 0)
(0.999803 0.00111111 0)
(0.999799 0.00110454 0)
(0.999758 0.00109801 0)
(0.999688 0.00109889 0)
(0.999581 0.00111193 0)
(0.999548 0.00112456 0)
(0.999481 0.00114507 0)
(0.9994 0.00117477 0)
(0.999283 0.00119371 0)
(0.999253 0.00119446 0)
(0.999166 0.00118789 0)
(0.9991 0.00116547 0)
(0.99898 0.00112529 0)
(0.99893 0.00108509 0)
(0.998792 0.00105565 0)
(0.998695 0.00105241 0)
(0.998518 0.00109179 0)
(0.998412 0.00114841 0)
(0.998219 0.00116674 0)
(0.998104 0.00115714 0)
(0.997915 0.00115348 0)
(0.997808 0.00115773 0)
(0.997608 0.00115064 0)
(0.997474 0.00115617 0)
(0.99725 0.00117254 0)
(0.997109 0.0011711 0)
(0.996877 0.00114767 0)
(0.996721 0.00114494 0)
(0.996475 0.00116678 0)
(0.9963 0.00116741 0)
(0.996021 0.00114114 0)
(0.995822 0.00113261 0)
(0.995534 0.00116603 0)
(0.995317 0.00118592 0)
(0.994985 0.00115695 0)
(0.994737 0.00111719 0)
(0.994404 0.00113148 0)
(0.994155 0.00118883 0)
(0.993774 0.00120981 0)
(0.993465 0.00115723 0)
(0.993076 0.0010766 0)
(0.992827 0.00105718 0)
(0.992473 0.00112696 0)
(0.992164 0.00122434 0)
(0.991676 0.00125116 0)
(0.991313 0.00114262 0)
(0.990994 0.00091282 0)
(0.991064 0.000620853 0)
(0.991314 0.000339628 0)
(0.99192 0.000121802 0)
(0.992535 5.80205e-06 0)
(0.993289 -4.99287e-05 0)
(0.99384 -6.58613e-05 0)
(0.994389 -6.13238e-05 0)
(0.994681 -4.62674e-05 0)
(0.994979 -3.3843e-05 0)
(0.995064 -2.0148e-05 0)
(0.995211 -1.32453e-05 0)
(0.995192 -6.92611e-06 0)
(0.99528 -4.50733e-06 0)
(0.99522 -9.25904e-07 0)
(0.995288 -2.43939e-06 0)
(0.995214 1.65136e-06 0)
(0.995268 -1.24735e-06 0)
(0.995185 4.50768e-06 0)
(1.00021 0.000316064 0)
(0.999861 0.000338763 0)
(0.999554 0.000398011 0)
(0.999342 0.000481364 0)
(0.99925 0.000576051 0)
(0.999264 0.000668043 0)
(0.999358 0.000746823 0)
(0.999495 0.000803532 0)
(0.999643 0.00083413 0)
(0.999778 0.000842261 0)
(0.99989 0.000836388 0)
(0.99999 0.000825102 0)
(1.00008 0.00081385 0)
(1.00017 0.000805858 0)
(1.00023 0.000805305 0)
(1.00024 0.000812424 0)
(1.00022 0.000824087 0)
(1.00019 0.000837638 0)
(1.0002 0.000848419 0)
(1.00026 0.000856149 0)
(1.00034 0.000861152 0)
(1.00039 0.000864932 0)
(1.00041 0.000869496 0)
(1.0004 0.000870645 0)
(1.00043 0.000872526 0)
(1.0005 0.000878459 0)
(1.00057 0.000883223 0)
(1.00061 0.000890508 0)
(1.00062 0.000898801 0)
(1.00062 0.000904942 0)
(1.00066 0.000909331 0)
(1.00071 0.000907337 0)
(1.00078 0.000904687 0)
(1.00079 0.000904586 0)
(1.00081 0.000896272 0)
(1.00083 0.00088871 0)
(1.0009 0.00088715 0)
(1.00093 0.000884442 0)
(1.00094 0.000890883 0)
(1.00092 0.000910138 0)
(1.00099 0.000925445 0)
(1.00103 0.000945362 0)
(1.00107 0.000974364 0)
(1.00109 0.000989217 0)
(1.00119 0.000983162 0)
(1.00124 0.000973313 0)
(1.00129 0.000953738 0)
(1.00128 0.000919744 0)
(1.00134 0.000889777 0)
(1.0013 0.000878003 0)
(1.00132 0.000893062 0)
(1.00129 0.000938824 0)
(1.00137 0.00098462 0)
(1.00137 0.000987038 0)
(1.00145 0.000968129 0)
(1.00144 0.000966579 0)
(1.00153 0.000978554 0)
(1.00153 0.000978113 0)
(1.00162 0.000984205 0)
(1.00162 0.00099726 0)
(1.00172 0.000995011 0)
(1.00172 0.000976088 0)
(1.0018 0.000977731 0)
(1.00181 0.000999897 0)
(1.00191 0.00100127 0)
(1.00191 0.000981222 0)
(1.00198 0.000979613 0)
(1.00198 0.00101277 0)
(1.00209 0.00102813 0)
(1.0021 0.0010013 0)
(1.00216 0.000971365 0)
(1.00214 0.000993889 0)
(1.00226 0.00104864 0)
(1.0023 0.00106101 0)
(1.00241 0.00100236 0)
(1.00237 0.000925855 0)
(1.00243 0.000922994 0)
(1.00243 0.00100961 0)
(1.00261 0.00110691 0)
(1.00275 0.00110919 0)
(1.00299 0.000957852 0)
(1.00307 0.000684889 0)
(1.00318 0.000365586 0)
(1.00311 8.62986e-05 0)
(1.00313 -0.000106193 0)
(1.00301 -0.000207603 0)
(1.003 -0.000233447 0)
(1.00289 -0.000209122 0)
(1.0029 -0.000163216 0)
(1.00282 -0.000112299 0)
(1.00286 -7.37751e-05 0)
(1.00279 -4.17146e-05 0)
(1.00284 -2.45086e-05 0)
(1.00277 -1.17139e-05 0)
(1.00283 -6.35913e-06 0)
(1.00276 -1.44929e-06 0)
(1.00281 -2.13353e-06 0)
(1.00274 1.65677e-06 0)
(1.00279 -1.64435e-07 0)
(1.00271 3.88702e-06 0)
(1.00024 0.000328161 0)
(0.999928 0.000353928 0)
(0.999652 0.000411483 0)
(0.999458 0.000492836 0)
(0.99937 0.000587298 0)
(0.999377 0.000684353 0)
(0.999453 0.00077411 0)
(0.999566 0.000848891 0)
(0.999685 0.00090203 0)
(0.999796 0.000931522 0)
(0.999894 0.000942143 0)
(0.999987 0.000941073 0)
(1.00008 0.000935665 0)
(1.00017 0.000929559 0)
(1.00024 0.000926149 0)
(1.00025 0.000929228 0)
(1.00023 0.000937839 0)
(1.00021 0.000951176 0)
(1.00022 0.000966017 0)
(1.00027 0.000978232 0)
(1.00035 0.000987017 0)
(1.00041 0.000995373 0)
(1.00042 0.00100447 0)
(1.00041 0.0010082 0)
(1.00044 0.00100695 0)
(1.00051 0.00100837 0)
(1.00058 0.00101215 0)
(1.00062 0.00101692 0)
(1.00063 0.00102169 0)
(1.00064 0.00102786 0)
(1.00066 0.00103521 0)
(1.00072 0.00103762 0)
(1.00078 0.00103592 0)
(1.00079 0.00103466 0)
(1.00081 0.00103052 0)
(1.00084 0.00102682 0)
(1.00091 0.00102363 0)
(1.00095 0.00102099 0)
(1.00097 0.00102709 0)
(1.00095 0.00104031 0)
(1.00102 0.00105022 0)
(1.00107 0.00106354 0)
(1.00111 0.00108214 0)
(1.00112 0.00109331 0)
(1.00123 0.00109337 0)
(1.00127 0.00108948 0)
(1.00132 0.00107978 0)
(1.00132 0.00106095 0)
(1.00138 0.00104248 0)
(1.00135 0.00103162 0)
(1.00139 0.00103441 0)
(1.00137 0.00105295 0)
(1.00146 0.00107974 0)
(1.00148 0.00109153 0)
(1.00156 0.00109105 0)
(1.00155 0.00108996 0)
(1.00164 0.00109263 0)
(1.00166 0.00109066 0)
(1.00175 0.00109293 0)
(1.00175 0.00109873 0)
(1.00186 0.00109841 0)
(1.00188 0.00109119 0)
(1.00196 0.0010903 0)
(1.00197 0.00109894 0)
(1.00208 0.0010992 0)
(1.00211 0.00109292 0)
(1.00219 0.00109185 0)
(1.00219 0.00110567 0)
(1.00231 0.00111195 0)
(1.00236 0.00110188 0)
(1.00246 0.00109086 0)
(1.00244 0.0011 0)
(1.00255 0.0011212 0)
(1.0026 0.00112103 0)
(1.00277 0.00109057 0)
(1.00279 0.00105688 0)
(1.00286 0.00105679 0)
(1.00286 0.00109159 0)
(1.00303 0.00112016 0)
(1.00319 0.00109359 0)
(1.00348 0.00097414 0)
(1.00361 0.000777258 0)
(1.00374 0.000543838 0)
(1.00365 0.000327087 0)
(1.00359 0.000156083 0)
(1.00337 3.28791e-05 0)
(1.00329 -2.69264e-05 0)
(1.00312 -4.79028e-05 0)
(1.0031 -5.01637e-05 0)
(1.003 -3.92305e-05 0)
(1.00303 -3.04394e-05 0)
(1.00297 -1.81495e-05 0)
(1.00302 -1.22361e-05 0)
(1.00296 -5.81297e-06 0)
(1.00302 -3.61451e-06 0)
(1.00295 1.32361e-08 0)
(1.003 -9.62379e-07 0)
(1.00293 2.15748e-06 0)
(1.00298 6.7064e-07 0)
(1.0029 3.79512e-06 0)
(1.00023 0.000273543 0)
(0.999962 0.000280336 0)
(0.999722 0.000320483 0)
(0.999553 0.000388364 0)
(0.999476 0.000471864 0)
(0.999482 0.000560077 0)
(0.999546 0.000644349 0)
(0.999638 0.000717361 0)
(0.999733 0.000773741 0)
(0.999819 0.000810319 0)
(0.999898 0.000827153 0)
(0.99998 0.000830377 0)
(1.00007 0.000827771 0)
(1.00016 0.000822174 0)
(1.00023 0.000817757 0)
(1.00025 0.000816649 0)
(1.00024 0.000819673 0)
(1.00022 0.000828094 0)
(1.00023 0.000838629 0)
(1.00028 0.000850422 0)
(1.00035 0.000860286 0)
(1.00041 0.000868898 0)
(1.00042 0.000881664 0)
(1.0004 0.000889457 0)
(1.00043 0.000888096 0)
(1.0005 0.000885996 0)
(1.00058 0.000887058 0)
(1.00062 0.000891924 0)
(1.00063 0.000893714 0)
(1.00064 0.00089482 0)
(1.00067 0.000903087 0)
(1.00072 0.00090851 0)
(1.00078 0.000907905 0)
(1.00079 0.000906548 0)
(1.00081 0.000900972 0)
(1.00084 0.000897209 0)
(1.00091 0.000895526 0)
(1.00095 0.000891079 0)
(1.00097 0.000896435 0)
(1.00095 0.0009126 0)
(1.00102 0.000922204 0)
(1.00107 0.00093178 0)
(1.00111 0.000949959 0)
(1.00111 0.000960659 0)
(1.00122 0.000957246 0)
(1.00126 0.000953144 0)
(1.00132 0.000947599 0)
(1.00131 0.000932706 0)
(1.00138 0.000918123 0)
(1.00136 0.000912223 0)
(1.00141 0.000917745 0)
(1.0014 0.000936805 0)
(1.00148 0.000960957 0)
(1.00148 0.000966018 0)
(1.00157 0.000958142 0)
(1.00156 0.000956538 0)
(1.00166 0.000962057 0)
(1.00167 0.000960405 0)
(1.00176 0.000961318 0)
(1.00177 0.000968787 0)
(1.00186 0.000969094 0)
(1.00188 0.000959402 0)
(1.00197 0.000957662 0)
(1.00199 0.000970494 0)
(1.00209 0.000973765 0)
(1.0021 0.000964381 0)
(1.00219 0.000960173 0)
(1.00221 0.000977697 0)
(1.00233 0.000990713 0)
(1.00235 0.000979954 0)
(1.00244 0.000960101 0)
(1.00245 0.000964257 0)
(1.00258 0.000993445 0)
(1.00263 0.00100655 0)
(1.00276 0.000977609 0)
(1.00276 0.000926717 0)
(1.00285 0.000903404 0)
(1.00288 0.000932576 0)
(1.00307 0.000976311 0)
(1.00322 0.000969149 0)
(1.00345 0.00085905 0)
(1.00352 0.000657145 0)
(1.00361 0.000406806 0)
(1.00352 0.000169063 0)
(1.0035 -9.4097e-06 0)
(1.00335 -0.000103148 0)
(1.00331 -0.000142813 0)
(1.00317 -0.0001406 0)
(1.00315 -0.000117914 0)
(1.00305 -8.49987e-05 0)
(1.00307 -5.82825e-05 0)
(1.003 -3.41341e-05 0)
(1.00304 -1.99938e-05 0)
(1.00297 -9.59904e-06 0)
(1.00302 -4.55348e-06 0)
(1.00296 -6.34824e-07 0)
(1.00301 -4.83894e-07 0)
(1.00294 2.24727e-06 0)
(1.00299 1.38452e-06 0)
(1.0029 3.69818e-06 0)
(1.00021 0.000228658 0)
(0.999992 0.000231235 0)
(0.999797 0.000264908 0)
(0.999658 0.00032633 0)
(0.999593 0.000404463 0)
(0.999598 0.000488378 0)
(0.999651 0.000570005 0)
(0.999726 0.000642402 0)
(0.999798 0.000701811 0)
(0.99986 0.000744788 0)
(0.999917 0.000770496 0)
(0.999987 0.000781727 0)
(1.00007 0.000786827 0)
(1.00016 0.00078912 0)
(1.00023 0.000791953 0)
(1.00025 0.000798723 0)
(1.00025 0.000805998 0)
(1.00023 0.000815905 0)
(1.00024 0.00082632 0)
(1.00029 0.000837242 0)
(1.00037 0.000851312 0)
(1.00043 0.000863491 0)
(1.00044 0.000878639 0)
(1.00041 0.000894247 0)
(1.00043 0.000898014 0)
(1.0005 0.000896084 0)
(1.00058 0.000897651 0)
(1.00062 0.000904985 0)
(1.00063 0.000910697 0)
(1.00064 0.000909957 0)
(1.00067 0.000914053 0)
(1.00072 0.000922915 0)
(1.00078 0.000928726 0)
(1.00078 0.000932373 0)
(1.0008 0.000930477 0)
(1.00083 0.000927141 0)
(1.0009 0.00092702 0)
(1.00095 0.000926654 0)
(1.00098 0.0009316 0)
(1.00096 0.000943759 0)
(1.00103 0.000953541 0)
(1.00108 0.000962646 0)
(1.00112 0.000976193 0)
(1.00111 0.00098573 0)
(1.00121 0.000985881 0)
(1.00125 0.0009838 0)
(1.0013 0.000983236 0)
(1.0013 0.000978031 0)
(1.00137 0.00097109 0)
(1.00136 0.000968591 0)
(1.00142 0.000972452 0)
(1.00141 0.000980336 0)
(1.0015 0.000992698 0)
(1.0015 0.00100081 0)
(1.00159 0.00100316 0)
(1.00158 0.00100339 0)
(1.00167 0.0010044 0)
(1.00168 0.00100386 0)
(1.00178 0.00100512 0)
(1.00178 0.00100787 0)
(1.00187 0.00100684 0)
(1.00189 0.00100535 0)
(1.00198 0.00100663 0)
(1.00199 0.00101113 0)
(1.00209 0.00100962 0)
(1.00211 0.00100899 0)
(1.0022 0.00101272 0)
(1.00221 0.00102072 0)
(1.00232 0.00102054 0)
(1.00235 0.00101371 0)
(1.00246 0.00101261 0)
(1.00246 0.00102266 0)
(1.00257 0.00103214 0)
(1.0026 0.00102223 0)
(1.00274 0.000995819 0)
(1.00277 0.000974287 0)
(1.00288 0.00097544 0)
(1.0029 0.000994531 0)
(1.00306 0.000993855 0)
(1.00316 0.000944249 0)
(1.00337 0.000829342 0)
(1.00346 0.000668599 0)
(1.00359 0.000490893 0)
(1.00352 0.000329507 0)
(1.00351 0.000198007 0)
(1.00334 9.49724e-05 0)
(1.00328 2.52287e-05 0)
(1.00313 -6.28248e-06 0)
(1.00312 -2.00803e-05 0)
(1.00302 -1.96513e-05 0)
(1.00305 -1.73361e-05 0)
(1.00298 -1.08775e-05 0)
(1.00303 -6.88478e-06 0)
(1.00296 -2.91881e-06 0)
(1.00302 -7.49213e-07 0)
(1.00295 1.5886e-06 0)
(1.00301 1.25671e-06 0)
(1.00294 2.95468e-06 0)
(1.00299 2.26876e-06 0)
(1.0029 3.75927e-06 0)
(1.00019 0.000235183 0)
(1.00002 0.000237032 0)
(0.999861 0.000263255 0)
(0.999754 0.000311769 0)
(0.999705 0.000377104 0)
(0.999712 0.000448852 0)
(0.999757 0.000521505 0)
(0.999816 0.000588213 0)
(0.999868 0.000645264 0)
(0.999908 0.00069014 0)
(0.999945 0.000719413 0)
(1 0.000734799 0)
(1.00008 0.000741784 0)
(1.00016 0.000746616 0)
(1.00024 0.000752539 0)
(1.00027 0.000763743 0)
(1.00026 0.000775923 0)
(1.00024 0.000786037 0)
(1.00025 0.000794282 0)
(1.00031 0.000799856 0)
(1.00038 0.000809999 0)
(1.00044 0.000822273 0)
(1.00045 0.000835331 0)
(1.00042 0.000852686 0)
(1.00043 0.000861189 0)
(1.0005 0.000857067 0)
(1.00058 0.000854855 0)
(1.00063 0.000861642 0)
(1.00063 0.000870192 0)
(1.00064 0.000871378 0)
(1.00068 0.00086907 0)
(1.00073 0.000871112 0)
(1.00079 0.000877969 0)
(1.00079 0.000886688 0)
(1.0008 0.000887471 0)
(1.00083 0.000881294 0)
(1.0009 0.000878283 0)
(1.00094 0.000878369 0)
(1.00097 0.000881964 0)
(1.00095 0.00088976 0)
(1.00101 0.000895308 0)
(1.00107 0.000902368 0)
(1.00111 0.000915535 0)
(1.0011 0.000924102 0)
(1.0012 0.000923031 0)
(1.00124 0.000920859 0)
(1.0013 0.000921996 0)
(1.0013 0.000920505 0)
(1.00137 0.000916984 0)
(1.00136 0.000916485 0)
(1.00142 0.000920028 0)
(1.00142 0.000925192 0)
(1.00151 0.000933798 0)
(1.00151 0.000938958 0)
(1.00159 0.000937914 0)
(1.00159 0.000935772 0)
(1.00168 0.000935941 0)
(1.00169 0.000934361 0)
(1.00178 0.000933278 0)
(1.00178 0.000936503 0)
(1.00188 0.000937031 0)
(1.00189 0.000933153 0)
(1.00198 0.000930648 0)
(1.002 0.000936517 0)
(1.00209 0.000939623 0)
(1.0021 0.000937259 0)
(1.0022 0.000933901 0)
(1.00221 0.000940004 0)
(1.00232 0.000947458 0)
(1.00234 0.000945999 0)
(1.00244 0.000937452 0)
(1.00245 0.000934016 0)
(1.00257 0.00094149 0)
(1.00261 0.000945466 0)
(1.00274 0.000932247 0)
(1.00275 0.000905307 0)
(1.00285 0.000882223 0)
(1.00288 0.000876585 0)
(1.00305 0.00087227 0)
(1.00315 0.000842625 0)
(1.00334 0.00075615 0)
(1.00339 0.000611328 0)
(1.00348 0.000426899 0)
(1.0034 0.000239522 0)
(1.0034 8.44448e-05 0)
(1.00328 -1.51124e-05 0)
(1.00327 -6.13515e-05 0)
(1.00315 -7.46843e-05 0)
(1.00315 -7.04244e-05 0)
(1.00306 -5.44967e-05 0)
(1.00308 -3.88673e-05 0)
(1.003 -2.36321e-05 0)
(1.00304 -1.31828e-05 0)
(1.00297 -6.05319e-06 0)
(1.00303 -1.94403e-06 0)
(1.00296 9.81729e-07 0)
(1.00301 1.57872e-06 0)
(1.00294 3.17952e-06 0)
(1.00299 2.90328e-06 0)
(1.00291 3.82884e-06 0)
(1.00018 0.000245607 0)
(1.00004 0.000249586 0)
(0.999913 0.000270396 0)
(0.999834 0.000305962 0)
(0.999803 0.000354909 0)
(0.999815 0.000411701 0)
(0.999857 0.000471341 0)
(0.999906 0.000530532 0)
(0.999944 0.000583729 0)
(0.999964 0.000629478 0)
(0.999978 0.000662905 0)
(1.00002 0.000682066 0)
(1.00008 0.00069082 0)
(1.00017 0.000695223 0)
(1.00025 0.000701659 0)
(1.00028 0.000714052 0)
(1.00027 0.000731006 0)
(1.00025 0.000745155 0)
(1.00025 0.000754479 0)
(1.00031 0.000758768 0)
(1.00039 0.000763234 0)
(1.00046 0.000773625 0)
(1.00047 0.000787434 0)
(1.00044 0.000806221 0)
(1.00044 0.000822064 0)
(1.0005 0.000821605 0)
(1.00059 0.000816527 0)
(1.00064 0.000821795 0)
(1.00064 0.000832526 0)
(1.00064 0.000839936 0)
(1.00067 0.000838145 0)
(1.00073 0.000831539 0)
(1.00079 0.000834129 0)
(1.00079 0.000846487 0)
(1.00079 0.000853505 0)
(1.00082 0.000850596 0)
(1.00089 0.000845944 0)
(1.00094 0.000845905 0)
(1.00098 0.000854124 0)
(1.00096 0.000864001 0)
(1.00102 0.000865637 0)
(1.00108 0.000869887 0)
(1.00112 0.000885605 0)
(1.0011 0.00089628 0)
(1.00119 0.00089473 0)
(1.00123 0.000892672 0)
(1.00129 0.000894576 0)
(1.00128 0.000894682 0)
(1.00136 0.000894118 0)
(1.00136 0.000896254 0)
(1.00142 0.000901175 0)
(1.00143 0.000904837 0)
(1.00152 0.000907513 0)
(1.00152 0.00091137 0)
(1.0016 0.000916728 0)
(1.0016 0.000919462 0)
(1.00169 0.000917911 0)
(1.0017 0.000915873 0)
(1.00179 0.000917006 0)
(1.00179 0.000920044 0)
(1.00188 0.000919208 0)
(1.00189 0.000918454 0)
(1.00199 0.000919563 0)
(1.002 0.000922947 0)
(1.00209 0.000922189 0)
(1.00211 0.000921957 0)
(1.0022 0.000925138 0)
(1.00222 0.000930296 0)
(1.00232 0.00093038 0)
(1.00234 0.00092571 0)
(1.00244 0.000924695 0)
(1.00246 0.000930227 0)
(1.00257 0.000934648 0)
(1.00259 0.000926574 0)
(1.00272 0.000905896 0)
(1.00274 0.000886185 0)
(1.00286 0.000876609 0)
(1.00289 0.000875288 0)
(1.00304 0.000858884 0)
(1.0031 0.000807403 0)
(1.00327 0.000710451 0)
(1.00331 0.000581986 0)
(1.00343 0.000444753 0)
(1.00338 0.000320017 0)
(1.00341 0.000217368 0)
(1.00328 0.000137186 0)
(1.00326 7.69783e-05 0)
(1.00313 3.58496e-05 0)
(1.00313 1.22284e-05 0)
(1.00303 3.2326e-06 0)
(1.00306 -7.53826e-07 0)
(1.00299 -2.60749e-07 0)
(1.00304 9.62425e-07 0)
(1.00297 2.27341e-06 0)
(1.00302 3.3179e-06 0)
(1.00295 4.00067e-06 0)
(1.00301 3.60366e-06 0)
(1.00294 4.17367e-06 0)
(1.00299 3.81906e-06 0)
(1.00291 4.06693e-06 0)
(1.00018 0.000254613 0)
(1.00005 0.000265028 0)
(0.999953 0.000284777 0)
(0.999892 0.000312611 0)
(0.999877 0.000346297 0)
(0.999899 0.000387277 0)
(0.999945 0.000431148 0)
(0.999991 0.000478492 0)
(1.00002 0.000525705 0)
(1.00003 0.000568855 0)
(1.00002 0.000606881 0)
(1.00004 0.000630762 0)
(1.00009 0.00064322 0)
(1.00018 0.000648249 0)
(1.00026 0.000652169 0)
(1.0003 0.000663814 0)
(1.0003 0.000682663 0)
(1.00027 0.000703594 0)
(1.00026 0.000718442 0)
(1.00031 0.000724464 0)
(1.0004 0.000725232 0)
(1.00047 0.000728853 0)
(1.00049 0.000741354 0)
(1.00046 0.000760031 0)
(1.00045 0.000778952 0)
(1.00049 0.000785632 0)
(1.00058 0.000778251 0)
(1.00065 0.00077786 0)
(1.00065 0.000789457 0)
(1.00064 0.000801678 0)
(1.00067 0.000807463 0)
(1.00073 0.000800481 0)
(1.0008 0.000795968 0)
(1.00081 0.000809311 0)
(1.0008 0.000823689 0)
(1.00082 0.000826423 0)
(1.00089 0.000822102 0)
(1.00095 0.000815696 0)
(1.00098 0.00082018 0)
(1.00095 0.000833662 0)
(1.00101 0.000832857 0)
(1.00107 0.000826553 0)
(1.00111 0.000840551 0)
(1.00109 0.00085749 0)
(1.00118 0.000856495 0)
(1.00123 0.000854169 0)
(1.00129 0.000860745 0)
(1.00128 0.00086432 0)
(1.00136 0.000865484 0)
(1.00136 0.00087039 0)
(1.00143 0.000876101 0)
(1.00143 0.000878985 0)
(1.00152 0.000880184 0)
(1.00152 0.000880369 0)
(1.00161 0.000882141 0)
(1.0016 0.000885503 0)
(1.00169 0.000884956 0)
(1.0017 0.000880691 0)
(1.0018 0.00087881 0)
(1.00179 0.000882287 0)
(1.00188 0.000883621 0)
(1.00189 0.000881695 0)
(1.00199 0.000879766 0)
(1.002 0.000882656 0)
(1.00209 0.000885045 0)
(1.0021 0.000885311 0)
(1.0022 0.000883879 0)
(1.00221 0.000885035 0)
(1.00232 0.000888004 0)
(1.00234 0.000888718 0)
(1.00244 0.000886451 0)
(1.00245 0.000882616 0)
(1.00256 0.000880144 0)
(1.00259 0.000875945 0)
(1.00271 0.000865356 0)
(1.00273 0.000848748 0)
(1.00285 0.000828112 0)
(1.00287 0.00080817 0)
(1.00302 0.000780552 0)
(1.00308 0.000736341 0)
(1.00323 0.000662509 0)
(1.00326 0.000556275 0)
(1.00335 0.000424895 0)
(1.00329 0.000285908 0)
(1.00332 0.000161479 0)
(1.00321 6.75171e-05 0)
(1.00323 8.79768e-06 0)
(1.00312 -1.80463e-05 0)
(1.00314 -2.65532e-05 0)
(1.00305 -2.35131e-05 0)
(1.00308 -1.75478e-05 0)
(1.00301 -1.07742e-05 0)
(1.00305 -5.09539e-06 0)
(1.00298 -1.15897e-06 0)
(1.00303 1.84977e-06 0)
(1.00296 3.72532e-06 0)
(1.00301 4.15434e-06 0)
(1.00294 4.61535e-06 0)
(1.00299 4.50631e-06 0)
(1.00291 4.30374e-06 0)
(1.0002 0.000251361 0)
(1.00009 0.000268863 0)
(0.999996 0.000292673 0)
(0.999941 0.000320105 0)
(0.999931 0.000347099 0)
(0.99996 0.000374865 0)
(1.00001 0.000404185 0)
(1.00006 0.000436211 0)
(1.00009 0.000474032 0)
(1.00009 0.000512054 0)
(1.00007 0.000551413 0)
(1.00007 0.000581843 0)
(1.00011 0.000598656 0)
(1.00018 0.000606845 0)
(1.00027 0.000607115 0)
(1.00032 0.000614224 0)
(1.00033 0.000630651 0)
(1.0003 0.000653886 0)
(1.00028 0.000675848 0)
(1.00031 0.000684976 0)
(1.00039 0.000685825 0)
(1.00047 0.000683721 0)
(1.00051 0.000691576 0)
(1.00049 0.000711422 0)
(1.00047 0.000732609 0)
(1.00049 0.000748401 0)
(1.00057 0.000745391 0)
(1.00065 0.000738697 0)
(1.00067 0.00074862 0)
(1.00066 0.000762332 0)
(1.00067 0.00077322 0)
(1.00071 0.000771658 0)
(1.0008 0.000758294 0)
(1.00082 0.0007622 0)
(1.00081 0.000778455 0)
(1.00082 0.00078545 0)
(1.00088 0.000784724 0)
(1.00094 0.000776669 0)
(1.00099 0.000775914 0)
(1.00097 0.000794929 0)
(1.00101 0.000803716 0)
(1.00108 0.000793375 0)
(1.00114 0.000800819 0)
(1.0011 0.000823664 0)
(1.00117 0.000826961 0)
(1.00122 0.000818893 0)
(1.00128 0.00082264 0)
(1.00127 0.000827394 0)
(1.00135 0.000825753 0)
(1.00136 0.000828577 0)
(1.00143 0.00083518 0)
(1.00143 0.000837845 0)
(1.00152 0.000838012 0)
(1.00152 0.000837787 0)
(1.00161 0.000839129 0)
(1.0016 0.000843933 0)
(1.00169 0.00084595 0)
(1.0017 0.000842092 0)
(1.0018 0.000839264 0)
(1.0018 0.00084286 0)
(1.00188 0.000844775 0)
(1.00189 0.000843275 0)
(1.00199 0.000842279 0)
(1.002 0.000844376 0)
(1.00209 0.000844754 0)
(1.0021 0.000843834 0)
(1.0022 0.00084463 0)
(1.00221 0.000847125 0)
(1.00231 0.000847462 0)
(1.00233 0.000844362 0)
(1.00243 0.00084188 0)
(1.00245 0.000842062 0)
(1.00256 0.000841655 0)
(1.00258 0.000834652 0)
(1.0027 0.000818706 0)
(1.00272 0.000799555 0)
(1.00284 0.000781302 0)
(1.00286 0.000764178 0)
(1.003 0.000736831 0)
(1.00304 0.000687882 0)
(1.00317 0.000610366 0)
(1.00319 0.000511025 0)
(1.00329 0.000404978 0)
(1.00325 0.000306574 0)
(1.0033 0.000223741 0)
(1.00321 0.000158389 0)
(1.00322 0.000107767 0)
(1.00311 7.1342e-05 0)
(1.00312 4.52258e-05 0)
(1.00304 2.9116e-05 0)
(1.00307 1.93392e-05 0)
(1.00299 1.38413e-05 0)
(1.00304 1.10804e-05 0)
(1.00297 9.07395e-06 0)
(1.00302 7.93638e-06 0)
(1.00296 7.11041e-06 0)
(1.00301 6.36294e-06 0)
(1.00294 5.79285e-06 0)
(1.00299 5.49642e-06 0)
(1.0029 4.69568e-06 0)
(1.00022 0.000243476 0)
(1.00013 0.000261503 0)
(1.00005 0.000287859 0)
(0.999994 0.00031808 0)
(0.999977 0.000346186 0)
(1 0.000368583 0)
(1.00005 0.000388357 0)
(1.00011 0.000406581 0)
(1.00015 0.000431297 0)
(1.00016 0.00046126 0)
(1.00014 0.000496237 0)
(1.00011 0.000531224 0)
(1.00013 0.000553562 0)
(1.00018 0.000565922 0)
(1.00026 0.00056694 0)
(1.00033 0.000568035 0)
(1.00035 0.000579978 0)
(1.00033 0.000600681 0)
(1.0003 0.000627508 0)
(1.00032 0.000643331 0)
(1.00039 0.000647632 0)
(1.00047 0.000645726 0)
(1.00052 0.000646224 0)
(1.00051 0.000662741 0)
(1.00049 0.000683652 0)
(1.0005 0.000701969 0)
(1.00056 0.000706183 0)
(1.00064 0.000695634 0)
(1.00068 0.000698926 0)
(1.00067 0.000711758 0)
(1.00068 0.000724276 0)
(1.0007 0.000732535 0)
(1.00079 0.000721885 0)
(1.00083 0.000717626 0)
(1.00083 0.000734447 0)
(1.00083 0.000747633 0)
(1.00088 0.000752663 0)
(1.00093 0.000747747 0)
(1.001 0.0007394 0)
(1.00098 0.000752115 0)
(1.001 0.000767097 0)
(1.00106 0.0007559 0)
(1.00114 0.000749736 0)
(1.00111 0.000769632 0)
(1.00116 0.000780904 0)
(1.00121 0.000773027 0)
(1.00128 0.000774996 0)
(1.00127 0.000785539 0)
(1.00135 0.000787188 0)
(1.00136 0.000788978 0)
(1.00143 0.00079685 0)
(1.00143 0.000800431 0)
(1.00152 0.000800369 0)
(1.00152 0.000800928 0)
(1.00161 0.000799789 0)
(1.00161 0.000801379 0)
(1.00169 0.000805581 0)
(1.00169 0.000804077 0)
(1.0018 0.000798286 0)
(1.0018 0.00079913 0)
(1.00188 0.00080323 0)
(1.00189 0.000803287 0)
(1.00199 0.000800485 0)
(1.002 0.000801114 0)
(1.00208 0.000803164 0)
(1.0021 0.000803659 0)
(1.00219 0.000802776 0)
(1.00221 0.000802254 0)
(1.00231 0.000802855 0)
(1.00232 0.000803189 0)
(1.00243 0.000802495 0)
(1.00244 0.000799654 0)
(1.00255 0.000794394 0)
(1.00257 0.000786669 0)
(1.00269 0.000775119 0)
(1.0027 0.000760384 0)
(1.00282 0.000740621 0)
(1.00284 0.000715808 0)
(1.00297 0.000681532 0)
(1.003 0.000634828 0)
(1.00313 0.000572553 0)
(1.00314 0.000494079 0)
(1.00324 0.000402324 0)
(1.00319 0.000304171 0)
(1.00323 0.000210854 0)
(1.00315 0.000132608 0)
(1.00318 7.46048e-05 0)
(1.00309 3.78928e-05 0)
(1.00312 1.69311e-05 0)
(1.00304 7.54957e-06 0)
(1.00307 4.50634e-06 0)
(1.003 4.4955e-06 0)
(1.00305 5.9314e-06 0)
(1.00297 6.81587e-06 0)
(1.00303 7.64383e-06 0)
(1.00296 7.62792e-06 0)
(1.00301 7.38629e-06 0)
(1.00294 6.55348e-06 0)
(1.00299 6.33377e-06 0)
(1.0029 5.10594e-06 0)
(1.00024 0.000239541 0)
(1.00018 0.000251317 0)
(1.00011 0.000274079 0)
(1.00006 0.000303356 0)
(1.00003 0.000333869 0)
(1.00004 0.000357731 0)
(1.00008 0.000375621 0)
(1.00014 0.000387006 0)
(1.00019 0.000399561 0)
(1.00021 0.000418741 0)
(1.0002 0.00044441 0)
(1.00017 0.000477784 0)
(1.00016 0.000504913 0)
(1.00019 0.000522248 0)
(1.00026 0.00052836 0)
(1.00033 0.000526773 0)
(1.00037 0.000532947 0)
(1.00037 0.000547754 0)
(1.00034 0.000572668 0)
(1.00034 0.000594824 0)
(1.00038 0.000603932 0)
(1.00046 0.000605429 0)
(1.00052 0.00060167 0)
(1.00053 0.000610403 0)
(1.00052 0.000629627 0)
(1.00051 0.000647689 0)
(1.00055 0.000660169 0)
(1.00063 0.000655385 0)
(1.00068 0.000653212 0)
(1.00069 0.000664371 0)
(1.00069 0.000676965 0)
(1.0007 0.000690774 0)
(1.00077 0.000688309 0)
(1.00083 0.000676922 0)
(1.00085 0.000685149 0)
(1.00084 0.000698091 0)
(1.00087 0.000704113 0)
(1.00092 0.000703948 0)
(1.00099 0.00069423 0)
(1.001 0.000698535 0)
(1.00101 0.000718885 0)
(1.00105 0.000719683 0)
(1.00114 0.000709537 0)
(1.00113 0.000722258 0)
(1.00116 0.000740539 0)
(1.0012 0.00073758 0)
(1.00128 0.000733526 0)
(1.00127 0.00074243 0)
(1.00134 0.000745846 0)
(1.00135 0.000743794 0)
(1.00143 0.000749004 0)
(1.00142 0.000753743 0)
(1.00152 0.000753327 0)
(1.00152 0.00075411 0)
(1.00161 0.000753616 0)
(1.00161 0.000752941 0)
(1.00169 0.000756902 0)
(1.00169 0.00075927 0)
(1.00179 0.00075496 0)
(1.0018 0.000753653 0)
(1.00188 0.000757532 0)
(1.00189 0.000759199 0)
(1.00198 0.000757227 0)
(1.00199 0.000757209 0)
(1.00208 0.000758597 0)
(1.00209 0.000758574 0)
(1.00219 0.000758047 0)
(1.0022 0.000758581 0)
(1.0023 0.000759051 0)
(1.00231 0.000757589 0)
(1.00242 0.000755065 0)
(1.00243 0.000752612 0)
(1.00254 0.000749052 0)
(1.00256 0.000742069 0)
(1.00267 0.000729176 0)
(1.00269 0.000711753 0)
(1.0028 0.000690477 0)
(1.00282 0.000665994 0)
(1.00295 0.000634006 0)
(1.00297 0.000589371 0)
(1.00308 0.000528362 0)
(1.00308 0.000452842 0)
(1.00317 0.000371002 0)
(1.00314 0.000292653 0)
(1.0032 0.00022433 0)
(1.00313 0.000168619 0)
(1.00316 0.000124328 0)
(1.00308 9.08264e-05 0)
(1.00311 6.55548e-05 0)
(1.00303 4.73181e-05 0)
(1.00306 3.46298e-05 0)
(1.00299 2.56289e-05 0)
(1.00304 1.99229e-05 0)
(1.00297 1.55466e-05 0)
(1.00302 1.2963e-05 0)
(1.00296 1.07364e-05 0)
(1.00301 9.5183e-06 0)
(1.00294 7.78856e-06 0)
(1.00299 7.3466e-06 0)
(1.0029 5.58445e-06 0)
(1.00024 0.000240638 0)
(1.0002 0.000244978 0)
(1.00016 0.000259823 0)
(1.00012 0.000282271 0)
(1.00009 0.00031032 0)
(1.00009 0.000336069 0)
(1.00011 0.000355941 0)
(1.00015 0.000368294 0)
(1.00021 0.000375101 0)
(1.00024 0.000385262 0)
(1.00025 0.000400538 0)
(1.00023 0.000425775 0)
(1.00021 0.000453451 0)
(1.00022 0.000474664 0)
(1.00026 0.000487246 0)
(1.00033 0.000488357 0)
(1.00038 0.000490222 0)
(1.00039 0.000498823 0)
(1.00038 0.000517019 0)
(1.00036 0.000540755 0)
(1.00039 0.000555121 0)
(1.00045 0.000561076 0)
(1.00051 0.000559237 0)
(1.00054 0.000561015 0)
(1.00054 0.00057597 0)
(1.00054 0.000593063 0)
(1.00056 0.000609295 0)
(1.00062 0.000612647 0)
(1.00068 0.000607133 0)
(1.0007 0.00061272 0)
(1.0007 0.000622927 0)
(1.00071 0.000635838 0)
(1.00076 0.000641722 0)
(1.00082 0.000632369 0)
(1.00085 0.000633393 0)
(1.00085 0.000646165 0)
(1.00088 0.000655512 0)
(1.00091 0.000661527 0)
(1.00099 0.000656945 0)
(1.00101 0.000653847 0)
(1.00102 0.000669137 0)
(1.00104 0.000677819 0)
(1.00113 0.0006674 0)
(1.00113 0.000667951 0)
(1.00116 0.000684391 0)
(1.00118 0.000688633 0)
(1.00127 0.00068321 0)
(1.00127 0.000689034 0)
(1.00134 0.000696619 0)
(1.00135 0.000695822 0)
(1.00143 0.00069858 0)
(1.00142 0.00070473 0)
(1.00151 0.000705745 0)
(1.00151 0.000706407 0)
(1.0016 0.000707255 0)
(1.0016 0.000705847 0)
(1.00169 0.000707803 0)
(1.00169 0.000711958 0)
(1.00179 0.000709735 0)
(1.00179 0.000706405 0)
(1.00188 0.000709082 0)
(1.00188 0.000712557 0)
(1.00197 0.000711274 0)
(1.00199 0.000709658 0)
(1.00208 0.000710587 0)
(1.00209 0.00071143 0)
(1.00218 0.000710699 0)
(1.0022 0.000709603 0)
(1.00229 0.000709006 0)
(1.00231 0.000708329 0)
(1.00241 0.000706832 0)
(1.00242 0.00070379 0)
(1.00253 0.000697882 0)
(1.00254 0.000688886 0)
(1.00266 0.000675989 0)
(1.00267 0.000659787 0)
(1.00278 0.000639066 0)
(1.0028 0.000613002 0)
(1.00291 0.00057931 0)
(1.00293 0.000536719 0)
(1.00304 0.000485259 0)
(1.00304 0.00042611 0)
(1.00313 0.000361697 0)
(1.00309 0.000294758 0)
(1.00315 0.000229084 0)
(1.00309 0.000169874 0)
(1.00313 0.000120677 0)
(1.00306 8.36422e-05 0)
(1.00309 5.76392e-05 0)
(1.00302 4.05277e-05 0)
(1.00306 3.01493e-05 0)
(1.00299 2.34701e-05 0)
(1.00304 1.97551e-05 0)
(1.00297 1.66429e-05 0)
(1.00302 1.47399e-05 0)
(1.00295 1.24492e-05 0)
(1.00301 1.12225e-05 0)
(1.00294 9.01899e-06 0)
(1.00298 8.46978e-06 0)
(1.0029 6.23612e-06 0)
(1.00023 0.000239725 0)
(1.00021 0.000241183 0)
(1.0002 0.000249009 0)
(1.00018 0.000263599 0)
(1.00015 0.000284305 0)
(1.00014 0.000307882 0)
(1.00015 0.000328344 0)
(1.00017 0.000343672 0)
(1.00022 0.000351482 0)
(1.00026 0.000357314 0)
(1.00028 0.000365371 0)
(1.00028 0.000380258 0)
(1.00026 0.000402799 0)
(1.00025 0.000424089 0)
(1.00028 0.000440756 0)
(1.00033 0.000447379 0)
(1.00038 0.000448637 0)
(1.00041 0.000453181 0)
(1.00041 0.000464243 0)
(1.0004 0.000484144 0)
(1.00041 0.000501645 0)
(1.00045 0.000511775 0)
(1.0005 0.000514607 0)
(1.00055 0.000513809 0)
(1.00056 0.000522552 0)
(1.00056 0.000536965 0)
(1.00057 0.00055191 0)
(1.00061 0.000560871 0)
(1.00067 0.000558211 0)
(1.0007 0.000560043 0)
(1.00071 0.000568686 0)
(1.00072 0.000579513 0)
(1.00076 0.000590494 0)
(1.00081 0.000588663 0)
(1.00086 0.000585281 0)
(1.00086 0.000593279 0)
(1.00089 0.000601808 0)
(1.00091 0.000607969 0)
(1.00097 0.000607541 0)
(1.001 0.000602075 0)
(1.00103 0.000610048 0)
(1.00104 0.000623098 0)
(1.00111 0.000620382 0)
(1.00114 0.000616697 0)
(1.00117 0.000628434 0)
(1.00118 0.00063824 0)
(1.00126 0.000635676 0)
(1.00127 0.00063705 0)
(1.00134 0.000644566 0)
(1.00134 0.000645785 0)
(1.00143 0.000645942 0)
(1.00142 0.000651036 0)
(1.00151 0.000653255 0)
(1.00151 0.00065314 0)
(1.0016 0.000654462 0)
(1.0016 0.000654027 0)
(1.00169 0.000654123 0)
(1.00168 0.000658087 0)
(1.00178 0.0006591 0)
(1.00179 0.000656265 0)
(1.00187 0.000656727 0)
(1.00188 0.000660089 0)
(1.00197 0.000660417 0)
(1.00198 0.000658914 0)
(1.00207 0.000658834 0)
(1.00208 0.000659048 0)
(1.00217 0.000658065 0)
(1.00219 0.000656924 0)
(1.00229 0.000656199 0)
(1.0023 0.000654939 0)
(1.0024 0.000652296 0)
(1.00241 0.000648519 0)
(1.00252 0.000642969 0)
(1.00253 0.000635035 0)
(1.00264 0.000623232 0)
(1.00265 0.000607533 0)
(1.00276 0.000587444 0)
(1.00277 0.000562957 0)
(1.00289 0.000532853 0)
(1.00289 0.000495525 0)
(1.003 0.000449745 0)
(1.00299 0.000395717 0)
(1.00308 0.000336362 0)
(1.00304 0.000276398 0)
(1.00311 0.000220795 0)
(1.00305 0.000173013 0)
(1.00311 0.000133659 0)
(1.00304 0.000102391 0)
(1.00308 7.8127e-05 0)
(1.00301 5.93614e-05 0)
(1.00305 4.55939e-05 0)
(1.00299 3.49687e-05 0)
(1.00304 2.77057e-05 0)
(1.00297 2.18269e-05 0)
(1.00302 1.81337e-05 0)
(1.00295 1.45435e-05 0)
(1.00301 1.27159e-05 0)
(1.00294 9.90275e-06 0)
(1.00298 9.16987e-06 0)
(1.0029 6.54897e-06 0)
(1.00022 0.000230936 0)
(1.00021 0.000233362 0)
(1.00021 0.000238255 0)
(1.00021 0.000247002 0)
(1.0002 0.000260222 0)
(1.00019 0.000277504 0)
(1.00019 0.000295397 0)
(1.0002 0.000311108 0)
(1.00023 0.000321641 0)
(1.00026 0.000327721 0)
(1.00029 0.000333029 0)
(1.00031 0.000341013 0)
(1.0003 0.000355737 0)
(1.00029 0.00037353 0)
(1.0003 0.00039032 0)
(1.00033 0.000401473 0)
(1.00038 0.000405599 0)
(1.00041 0.000409117 0)
(1.00043 0.000415549 0)
(1.00043 0.000429125 0)
(1.00043 0.000445424 0)
(1.00046 0.000457316 0)
(1.0005 0.000463846 0)
(1.00054 0.000464796 0)
(1.00057 0.000469288 0)
(1.00057 0.000479989 0)
(1.00059 0.000492357 0)
(1.00061 0.000503742 0)
(1.00066 0.000506723 0)
(1.0007 0.000507662 0)
(1.00072 0.000513662 0)
(1.00073 0.000521474 0)
(1.00076 0.000531604 0)
(1.0008 0.000535089 0)
(1.00085 0.000531854 0)
(1.00086 0.000535543 0)
(1.00089 0.000543082 0)
(1.00091 0.000549699 0)
(1.00096 0.000553761 0)
(1.001 0.000551612 0)
(1.00104 0.000554208 0)
(1.00104 0.000564875 0)
(1.0011 0.000567844 0)
(1.00113 0.000564064 0)
(1.00118 0.00056898 0)
(1.00118 0.000578544 0)
(1.00126 0.000580015 0)
(1.00127 0.000579546 0)
(1.00133 0.00058496 0)
(1.00134 0.000588543 0)
(1.00142 0.000588598 0)
(1.00142 0.000591914 0)
(1.0015 0.000595236 0)
(1.0015 0.000595731 0)
(1.00159 0.000597013 0)
(1.00159 0.000597823 0)
(1.00168 0.000597358 0)
(1.00168 0.000599734 0)
(1.00177 0.000602156 0)
(1.00178 0.000600825 0)
(1.00187 0.00060003 0)
(1.00187 0.000602468 0)
(1.00196 0.000603628 0)
(1.00197 0.00060219 0)
(1.00206 0.00060127 0)
(1.00207 0.000601524 0)
(1.00217 0.000601097 0)
(1.00218 0.000599874 0)
(1.00227 0.000598664 0)
(1.00229 0.00059761 0)
(1.00239 0.000595952 0)
(1.0024 0.000593285 0)
(1.0025 0.000588518 0)
(1.00251 0.000581053 0)
(1.00262 0.000569963 0)
(1.00263 0.000555223 0)
(1.00274 0.000536305 0)
(1.00275 0.000512778 0)
(1.00285 0.000483796 0)
(1.00286 0.000448745 0)
(1.00296 0.000407918 0)
(1.00295 0.000362548 0)
(1.00304 0.00031483 0)
(1.003 0.000267068 0)
(1.00308 0.000221155 0)
(1.00302 0.000178742 0)
(1.00308 0.000141252 0)
(1.00301 0.000109717 0)
(1.00306 8.47233e-05 0)
(1.003 6.52563e-05 0)
(1.00304 5.11241e-05 0)
(1.00298 4.01982e-05 0)
(1.00303 3.26541e-05 0)
(1.00296 2.62441e-05 0)
(1.00302 2.20731e-05 0)
(1.00295 1.77139e-05 0)
(1.00301 1.54522e-05 0)
(1.00293 1.19235e-05 0)
(1.00298 1.09393e-05 0)
(1.0029 7.67866e-06 0)
(1.00022 0.000213258 0)
(1.00021 0.000217278 0)
(1.00022 0.000222042 0)
(1.00022 0.000228215 0)
(1.00023 0.000236502 0)
(1.00023 0.000247743 0)
(1.00023 0.000260995 0)
(1.00023 0.000274429 0)
(1.00025 0.000285636 0)
(1.00027 0.000293236 0)
(1.0003 0.000298599 0)
(1.00032 0.000303782 0)
(1.00033 0.000312381 0)
(1.00033 0.000324923 0)
(1.00033 0.00033875 0)
(1.00035 0.000350876 0)
(1.00038 0.000358051 0)
(1.00041 0.000362313 0)
(1.00044 0.000366898 0)
(1.00045 0.000375193 0)
(1.00045 0.000387703 0)
(1.00047 0.000399534 0)
(1.0005 0.000408414 0)
(1.00054 0.000412749 0)
(1.00057 0.000416015 0)
(1.00059 0.000423215 0)
(1.0006 0.000432879 0)
(1.00062 0.000443378 0)
(1.00066 0.000449785 0)
(1.00069 0.000451594 0)
(1.00072 0.000455137 0)
(1.00074 0.000460931 0)
(1.00076 0.000469033 0)
(1.00079 0.000475448 0)
(1.00084 0.000475937 0)
(1.00086 0.000477755 0)
(1.0009 0.000483157 0)
(1.00091 0.000488735 0)
(1.00096 0.000493673 0)
(1.00099 0.000494291 0)
(1.00104 0.000494379 0)
(1.00104 0.000500903 0)
(1.0011 0.000506818 0)
(1.00112 0.000506354 0)
(1.00118 0.000507829 0)
(1.00118 0.000514889 0)
(1.00125 0.000519207 0)
(1.00126 0.000519339 0)
(1.00133 0.000522278 0)
(1.00133 0.000526367 0)
(1.00142 0.000527203 0)
(1.00142 0.000528744 0)
(1.0015 0.000531715 0)
(1.0015 0.00053274 0)
(1.00159 0.000533391 0)
(1.00159 0.000534479 0)
(1.00168 0.000534225 0)
(1.00168 0.000535052 0)
(1.00176 0.000537304 0)
(1.00177 0.000537375 0)
(1.00186 0.000536164 0)
(1.00187 0.000537202 0)
(1.00195 0.000538709 0)
(1.00196 0.00053822 0)
(1.00205 0.000537036 0)
(1.00207 0.000536591 0)
(1.00216 0.000535988 0)
(1.00217 0.00053496 0)
(1.00227 0.000533995 0)
(1.00228 0.000533105 0)
(1.00238 0.000531244 0)
(1.00238 0.000527906 0)
(1.00249 0.000522459 0)
(1.0025 0.000514615 0)
(1.0026 0.000503696 0)
(1.00261 0.000489543 0)
(1.00272 0.000471853 0)
(1.00272 0.00045047 0)
(1.00282 0.000425118 0)
(1.00283 0.000395542 0)
(1.00292 0.000361821 0)
(1.00291 0.000324377 0)
(1.003 0.000284285 0)
(1.00296 0.000243238 0)
(1.00304 0.000203319 0)
(1.00299 0.000166499 0)
(1.00305 0.000134292 0)
(1.00299 0.000107014 0)
(1.00305 8.49486e-05 0)
(1.00299 6.69684e-05 0)
(1.00303 5.32141e-05 0)
(1.00297 4.20176e-05 0)
(1.00302 3.39405e-05 0)
(1.00296 2.69857e-05 0)
(1.00302 2.24281e-05 0)
(1.00295 1.77518e-05 0)
(1.003 1.53381e-05 0)
(1.00293 1.16991e-05 0)
(1.00298 1.06653e-05 0)
(1.0029 7.37471e-06 0)
(1.00022 0.000189269 0)
(1.00022 0.000194077 0)
(1.00022 0.000199118 0)
(1.00023 0.000204512 0)
(1.00024 0.000210393 0)
(1.00025 0.000217698 0)
(1.00025 0.000226647 0)
(1.00026 0.000236601 0)
(1.00027 0.000246427 0)
(1.00029 0.000254357 0)
(1.00031 0.000260328 0)
(1.00033 0.000265008 0)
(1.00034 0.000270524 0)
(1.00035 0.000278658 0)
(1.00036 0.00028876 0)
(1.00037 0.000299424 0)
(1.00039 0.000307848 0)
(1.00042 0.000313462 0)
(1.00044 0.000318037 0)
(1.00046 0.000323671 0)
(1.00047 0.000332551 0)
(1.00049 0.000342738 0)
(1.00051 0.00035172 0)
(1.00054 0.000357855 0)
(1.00057 0.000361405 0)
(1.00059 0.000366408 0)
(1.00061 0.000373675 0)
(1.00063 0.000382284 0)
(1.00066 0.000389884 0)
(1.00069 0.000393655 0)
(1.00072 0.000396951 0)
(1.00074 0.000401954 0)
(1.00077 0.000408244 0)
(1.00079 0.000414949 0)
(1.00083 0.000418235 0)
(1.00086 0.000419691 0)
(1.0009 0.000423441 0)
(1.00091 0.000428472 0)
(1.00096 0.000433535 0)
(1.00098 0.000436506 0)
(1.00103 0.000437431 0)
(1.00104 0.000441441 0)
(1.00109 0.000447493 0)
(1.00111 0.000449826 0)
(1.00118 0.000450723 0)
(1.00118 0.000455221 0)
(1.00125 0.000460285 0)
(1.00126 0.000462147 0)
(1.00133 0.00046418 0)
(1.00133 0.00046791 0)
(1.00141 0.000469991 0)
(1.00141 0.000471334 0)
(1.00149 0.000473948 0)
(1.00149 0.000475859 0)
(1.00158 0.000476864 0)
(1.00158 0.000478358 0)
(1.00167 0.000479158 0)
(1.00167 0.000479902 0)
(1.00176 0.000482024 0)
(1.00176 0.000483634 0)
(1.00185 0.000483588 0)
(1.00186 0.000484228 0)
(1.00194 0.000485739 0)
(1.00196 0.000486176 0)
(1.00205 0.000485537 0)
(1.00206 0.000485284 0)
(1.00215 0.000485194 0)
(1.00216 0.000484636 0)
(1.00225 0.000483596 0)
(1.00226 0.000482401 0)
(1.00236 0.000480594 0)
(1.00237 0.000477801 0)
(1.00247 0.000473425 0)
(1.00248 0.000467067 0)
(1.00259 0.000458099 0)
(1.00259 0.000446224 0)
(1.00269 0.000431128 0)
(1.0027 0.000412621 0)
(1.0028 0.000390537 0)
(1.00279 0.000364797 0)
(1.00289 0.000335656 0)
(1.00287 0.0003037 0)
(1.00296 0.000270002 0)
(1.00293 0.000235795 0)
(1.00301 0.000202495 0)
(1.00296 0.000171085 0)
(1.00303 0.000142667 0)
(1.00297 0.000117387 0)
(1.00303 9.60297e-05 0)
(1.00297 7.78104e-05 0)
(1.00302 6.33621e-05 0)
(1.00297 5.11169e-05 0)
(1.00302 4.19876e-05 0)
(1.00296 3.3798e-05 0)
(1.00301 2.82724e-05 0)
(1.00295 2.24476e-05 0)
(1.003 1.93326e-05 0)
(1.00293 1.47177e-05 0)
(1.00298 1.33181e-05 0)
(1.0029 9.14829e-06 0)
(1.00023 0.000154832 0)
(1.00023 0.000159018 0)
(1.00023 0.000163598 0)
(1.00024 0.000168181 0)
(1.00025 0.00017276 0)
(1.00026 0.000177607 0)
(1.00027 0.000183269 0)
(1.00028 0.000189871 0)
(1.00029 0.000197038 0)
(1.0003 0.000203805 0)
(1.00032 0.000209401 0)
(1.00033 0.000213814 0)
(1.00035 0.0002178 0)
(1.00036 0.000222777 0)
(1.00038 0.000229335 0)
(1.00039 0.00023706 0)
(1.0004 0.00024445 0)
(1.00042 0.000250208 0)
(1.00045 0.000254522 0)
(1.00047 0.000258532 0)
(1.00049 0.000264018 0)
(1.0005 0.000271053 0)
(1.00052 0.000278297 0)
(1.00054 0.000284409 0)
(1.00057 0.000288571 0)
(1.00059 0.000292407 0)
(1.00062 0.000297345 0)
(1.00064 0.000303406 0)
(1.00066 0.000309663 0)
(1.00069 0.00031403 0)
(1.00072 0.000317124 0)
(1.00074 0.000320489 0)
(1.00077 0.000324522 0)
(1.00079 0.000329585 0)
(1.00083 0.000333386 0)
(1.00086 0.000335185 0)
(1.0009 0.000337678 0)
(1.00092 0.000341122 0)
(1.00096 0.000344837 0)
(1.00098 0.000347997 0)
(1.00103 0.000349461 0)
(1.00104 0.000351552 0)
(1.0011 0.000355643 0)
(1.00111 0.000358654 0)
(1.00117 0.000359867 0)
(1.00118 0.000362259 0)
(1.00124 0.00036596 0)
(1.00125 0.000368368 0)
(1.00133 0.000369826 0)
(1.00133 0.000372165 0)
(1.00141 0.000374254 0)
(1.00141 0.000375407 0)
(1.00149 0.00037696 0)
(1.00149 0.000378605 0)
(1.00158 0.000379598 0)
(1.00157 0.000380748 0)
(1.00166 0.000381694 0)
(1.00166 0.000382191 0)
(1.00175 0.000383346 0)
(1.00175 0.000384836 0)
(1.00185 0.000385227 0)
(1.00185 0.000385363 0)
(1.00194 0.000386163 0)
(1.00195 0.000386702 0)
(1.00204 0.000386205 0)
(1.00205 0.000385485 0)
(1.00214 0.000384905 0)
(1.00215 0.000384272 0)
(1.00224 0.000383475 0)
(1.00225 0.000382715 0)
(1.00235 0.000381597 0)
(1.00236 0.00037962 0)
(1.00246 0.000376169 0)
(1.00247 0.000370878 0)
(1.00257 0.000363348 0)
(1.00257 0.000353411 0)
(1.00267 0.000340948 0)
(1.00267 0.00032593 0)
(1.00277 0.000308375 0)
(1.00277 0.000288338 0)
(1.00286 0.000266021 0)
(1.00284 0.000241785 0)
(1.00293 0.000216318 0)
(1.0029 0.000190331 0)
(1.00298 0.000164823 0)
(1.00293 0.00014046 0)
(1.003 0.000118236 0)
(1.00295 9.82416e-05 0)
(1.00301 8.11937e-05 0)
(1.00296 6.64201e-05 0)
(1.00301 5.45347e-05 0)
(1.00295 4.42603e-05 0)
(1.00301 3.65068e-05 0)
(1.00295 2.94338e-05 0)
(1.00301 2.46463e-05 0)
(1.00294 1.955e-05 0)
(1.003 1.68234e-05 0)
(1.00293 1.2781e-05 0)
(1.00298 1.15438e-05 0)
(1.0029 7.89895e-06 0)
(1.00023 0.000133782 0)
(1.00023 0.000137183 0)
(1.00024 0.00014111 0)
(1.00025 0.000145263 0)
(1.00026 0.0001494 0)
(1.00027 0.00015348 0)
(1.00028 0.000157795 0)
(1.00029 0.000162559 0)
(1.0003 0.00016785 0)
(1.00031 0.000173359 0)
(1.00032 0.000178555 0)
(1.00034 0.00018316 0)
(1.00036 0.00018719 0)
(1.00037 0.000191318 0)
(1.00038 0.000196162 0)
(1.0004 0.00020186 0)
(1.00041 0.000208051 0)
(1.00043 0.000213791 0)
(1.00045 0.00021871 0)
(1.00047 0.000223065 0)
(1.00049 0.000227619 0)
(1.00051 0.000233119 0)
(1.00053 0.000239226 0)
(1.00055 0.000245208 0)
(1.00057 0.000250281 0)
(1.00059 0.000254476 0)
(1.00062 0.000258799 0)
(1.00064 0.000263698 0)
(1.00066 0.000269093 0)
(1.00069 0.000274138 0)
(1.00072 0.000278076 0)
(1.00074 0.00028156 0)
(1.00077 0.000285362 0)
(1.0008 0.000289677 0)
(1.00083 0.00029387 0)
(1.00085 0.000297126 0)
(1.00089 0.000299945 0)
(1.00091 0.000303027 0)
(1.00096 0.000306537 0)
(1.00097 0.000310098 0)
(1.00102 0.000312808 0)
(1.00104 0.00031516 0)
(1.00109 0.000318409 0)
(1.0011 0.000321866 0)
(1.00117 0.000324362 0)
(1.00118 0.000326661 0)
(1.00124 0.000329738 0)
(1.00125 0.000332718 0)
(1.00132 0.000334848 0)
(1.00132 0.000337067 0)
(1.0014 0.000339513 0)
(1.0014 0.000341357 0)
(1.00148 0.000342983 0)
(1.00148 0.000344844 0)
(1.00157 0.000346419 0)
(1.00157 0.00034784 0)
(1.00166 0.000349236 0)
(1.00166 0.00035036 0)
(1.00175 0.000351561 0)
(1.00175 0.00035315 0)
(1.00184 0.000354312 0)
(1.00184 0.000354949 0)
(1.00193 0.000355674 0)
(1.00194 0.000356441 0)
(1.00203 0.000356636 0)
(1.00204 0.000356543 0)
(1.00213 0.000356505 0)
(1.00214 0.000356503 0)
(1.00223 0.000356272 0)
(1.00224 0.000355816 0)
(1.00234 0.000354894 0)
(1.00235 0.000353222 0)
(1.00245 0.000350398 0)
(1.00245 0.000346159 0)
(1.00255 0.000340184 0)
(1.00256 0.000332227 0)
(1.00266 0.00032206 0)
(1.00265 0.000309605 0)
(1.00275 0.00029488 0)
(1.00274 0.000277956 0)
(1.00283 0.000259094 0)
(1.00282 0.000238543 0)
(1.0029 0.000216779 0)
(1.00287 0.000194219 0)
(1.00295 0.000171731 0)
(1.00291 0.000149728 0)
(1.00298 0.000129145 0)
(1.00293 0.000109967 0)
(1.003 9.30612e-05 0)
(1.00295 7.78144e-05 0)
(1.003 6.51266e-05 0)
(1.00295 5.37295e-05 0)
(1.00301 4.48724e-05 0)
(1.00295 3.65378e-05 0)
(1.003 3.07504e-05 0)
(1.00294 2.45064e-05 0)
(1.00299 2.1069e-05 0)
(1.00293 1.60326e-05 0)
(1.00298 1.44395e-05 0)
(1.0029 9.85863e-06 0)
(1.00024 6.69646e-05 0)
(1.00024 6.86473e-05 0)
(1.00025 7.06116e-05 0)
(1.00026 7.27627e-05 0)
(1.00027 7.49796e-05 0)
(1.00028 7.71933e-05 0)
(1.00029 7.94197e-05 0)
(1.0003 8.17447e-05 0)
(1.00031 8.42462e-05 0)
(1.00033 8.69043e-05 0)
(1.00034 8.95939e-05 0)
(1.00035 9.21741e-05 0)
(1.00037 9.45781e-05 0)
(1.00038 9.69219e-05 0)
(1.0004 9.94053e-05 0)
(1.00041 0.000102185 0)
(1.00043 0.000105243 0)
(1.00044 0.000108325 0)
(1.00046 0.000111234 0)
(1.00048 0.0001139 0)
(1.0005 0.00011651 0)
(1.00052 0.000119378 0)
(1.00054 0.000122511 0)
(1.00056 0.000125765 0)
(1.00058 0.000128832 0)
(1.0006 0.000131564 0)
(1.00063 0.000134237 0)
(1.00065 0.000137014 0)
(1.00067 0.000140016 0)
(1.0007 0.000143035 0)
(1.00073 0.000145655 0)
(1.00075 0.00014808 0)
(1.00078 0.000150506 0)
(1.0008 0.00015298 0)
(1.00084 0.00015563 0)
(1.00086 0.000158036 0)
(1.0009 0.000160049 0)
(1.00092 0.000162144 0)
(1.00096 0.000164428 0)
(1.00098 0.000166716 0)
(1.00103 0.000168836 0)
(1.00104 0.000170742 0)
(1.0011 0.000172793 0)
(1.00111 0.000175086 0)
(1.00117 0.000177169 0)
(1.00118 0.000178995 0)
(1.00124 0.000181004 0)
(1.00125 0.000183114 0)
(1.00132 0.000184926 0)
(1.00132 0.000186643 0)
(1.0014 0.000188458 0)
(1.0014 0.00019007 0)
(1.00148 0.000191495 0)
(1.00148 0.000193002 0)
(1.00157 0.000194439 0)
(1.00157 0.000195758 0)
(1.00165 0.000197067 0)
(1.00165 0.000198308 0)
(1.00174 0.000199476 0)
(1.00175 0.000200777 0)
(1.00183 0.000202024 0)
(1.00184 0.00020307 0)
(1.00193 0.00020405 0)
(1.00194 0.000205057 0)
(1.00202 0.000205841 0)
(1.00203 0.000206403 0)
(1.00212 0.000206858 0)
(1.00213 0.000207298 0)
(1.00223 0.000207664 0)
(1.00223 0.00020798 0)
(1.00233 0.00020813 0)
(1.00234 0.000207949 0)
(1.00244 0.000207197 0)
(1.00244 0.000205705 0)
(1.00254 0.000203284 0)
(1.00254 0.000199766 0)
(1.00264 0.000194998 0)
(1.00264 0.000188949 0)
(1.00273 0.000181649 0)
(1.00272 0.000173132 0)
(1.00281 0.000163569 0)
(1.00279 0.000153033 0)
(1.00287 0.000141669 0)
(1.00284 0.000129544 0)
(1.00292 0.000117105 0)
(1.00288 0.000104499 0)
(1.00295 9.23202e-05 0)
(1.00291 8.05336e-05 0)
(1.00297 6.97862e-05 0)
(1.00293 5.96984e-05 0)
(1.00298 5.10128e-05 0)
(1.00293 4.28915e-05 0)
(1.00299 3.63679e-05 0)
(1.00293 3.00201e-05 0)
(1.00299 2.54641e-05 0)
(1.00293 2.04723e-05 0)
(1.00299 1.76146e-05 0)
(1.00292 1.34858e-05 0)
(1.00297 1.2108e-05 0)
(1.00289 8.32849e-06 0)
)
;

boundaryField
{
    zeroGradientPlanes
    {
        type            zeroGradient;
    }
    inlet
    {
        type            fixedValue;
        value           uniform (1 0 0);
    }
    plate
    {
        type            noSlip;
    }
    frontAndBack
    {
        type            empty;
    }
}


// ************************************************************************* //
