/*--------------------------------*- C++ -*----------------------------------*\
| =========                 |                                                 |
| \\      /  F ield         | OpenFOAM: The Open Source CFD Toolbox           |
|  \\    /   O peration     | Version:  v2012                                 |
|   \\  /    A nd           | Website:  www.openfoam.com                      |
|    \\/     M anipulation  |                                                 |
\*---------------------------------------------------------------------------*/
FoamFile
{
    version     2.0;
    format      ascii;
    class       surfaceScalarField;
    location    "0.3";
    object      phi;
}
// * * * * * * * * * * * * * * * * * * * * * * * * * * * * * * * * * * * * * //

dimensions      [0 3 -1 0 0 0 0];
oriented        oriented;


internalField   nonuniform List<scalar> 
4660
(
1.99009e-05
-3.47863e-10
1.9901e-05
-3.4708e-09
1.99011e-05
6.57824e-10
1.99006e-05
1.55542e-09
1.99002e-05
1.82203e-09
1.98997e-05
-3.43425e-10
1.98993e-05
-1.0827e-09
1.98992e-05
-7.54374e-10
1.98993e-05
-6.16756e-10
1.98994e-05
-3.22526e-11
1.98996e-05
1.11611e-09
1.98995e-05
1.90207e-09
1.9898e-05
3.18269e-09
1.98948e-05
4.94044e-09
1.98903e-05
7.5437e-09
1.98851e-05
9.28796e-09
1.98796e-05
1.05889e-08
1.98745e-05
1.10532e-08
1.98701e-05
1.06997e-08
9.95378e-09
1.98663e-05
2.16601e-05
-6.02679e-10
2.16581e-05
-1.46483e-09
2.16595e-05
-7.73961e-10
2.166e-05
1.00572e-09
2.16598e-05
2.05186e-09
2.16588e-05
6.16229e-10
2.16582e-05
-4.40945e-10
2.16577e-05
-2.09991e-10
2.1657e-05
-2.08638e-12
2.16558e-05
1.18558e-09
2.16536e-05
3.33843e-09
2.16502e-05
5.30723e-09
2.16458e-05
7.55455e-09
2.16413e-05
9.4287e-09
2.16382e-05
1.06503e-08
2.16364e-05
1.11158e-08
2.16361e-05
1.09242e-08
2.16369e-05
1.02466e-08
2.16383e-05
9.27394e-09
8.26775e-09
2.164e-05
2.35747e-05
-8.54717e-10
2.35728e-05
5.12283e-10
2.35733e-05
-1.31468e-09
2.35745e-05
-2.2197e-10
2.35747e-05
1.84744e-09
2.35737e-05
1.62219e-09
2.35727e-05
5.61664e-10
2.35715e-05
1.06982e-09
2.35699e-05
1.53404e-09
2.3568e-05
3.14201e-09
2.35657e-05
5.56731e-09
2.35636e-05
7.46206e-09
2.35619e-05
9.22044e-09
2.35608e-05
1.05413e-08
2.35602e-05
1.12546e-08
2.35599e-05
1.13636e-08
2.35597e-05
1.11318e-08
2.35597e-05
1.02801e-08
2.35598e-05
9.18757e-09
8.13129e-09
2.35599e-05
2.56581e-05
-4.97605e-10
2.56583e-05
2.53261e-10
2.56567e-05
3.6815e-10
2.56571e-05
-7.01798e-10
2.56583e-05
6.70607e-10
2.56578e-05
2.139e-09
2.56562e-05
2.15711e-09
2.56546e-05
2.65914e-09
2.56529e-05
3.28773e-09
2.56511e-05
4.88941e-09
2.56495e-05
7.19642e-09
2.56479e-05
9.02135e-09
2.56467e-05
1.0432e-08
2.56458e-05
1.14954e-08
2.56451e-05
1.19202e-08
2.56447e-05
1.1785e-08
2.56448e-05
1.10265e-08
2.56452e-05
9.86404e-09
2.56459e-05
8.48772e-09
7.54166e-09
2.56465e-05
2.79262e-05
-7.81277e-11
2.79267e-05
-2.7181e-10
2.79256e-05
1.47322e-09
2.79245e-05
4.14041e-10
2.79254e-05
-2.40031e-10
2.79257e-05
1.86933e-09
2.79242e-05
3.62775e-09
2.79223e-05
4.58661e-09
2.79203e-05
5.21708e-09
2.79187e-05
6.49138e-09
2.79175e-05
8.46162e-09
2.79164e-05
1.00945e-08
2.79157e-05
1.10922e-08
2.79155e-05
1.17832e-08
2.79154e-05
1.19701e-08
2.79157e-05
1.15342e-08
2.79161e-05
1.05597e-08
2.79166e-05
9.36398e-09
2.79169e-05
8.1694e-09
7.24217e-09
2.79172e-05
3.03951e-05
5.14616e-11
3.03949e-05
-4.25561e-11
3.0395e-05
1.34417e-09
3.03936e-05
1.86658e-09
3.03926e-05
7.0508e-10
3.03932e-05
1.35151e-09
3.03928e-05
3.97751e-09
3.03911e-05
6.26159e-09
3.03891e-05
7.28798e-09
3.03875e-05
8.01413e-09
3.03867e-05
9.35329e-09
3.03861e-05
1.06345e-08
3.03859e-05
1.13506e-08
3.03861e-05
1.15394e-08
3.03866e-05
1.14712e-08
3.03872e-05
1.09784e-08
3.03876e-05
1.00904e-08
3.03879e-05
9.12527e-09
3.03879e-05
8.11207e-09
7.22001e-09
3.03879e-05
3.30822e-05
5.45809e-11
3.30816e-05
5.38613e-10
3.30819e-05
1.06591e-09
3.30813e-05
2.4307e-09
3.30796e-05
2.45311e-09
3.30788e-05
2.13373e-09
3.30789e-05
3.80176e-09
3.30783e-05
6.88808e-09
3.30767e-05
8.91302e-09
3.30751e-05
9.63756e-09
3.30744e-05
1.00422e-08
3.30744e-05
1.06398e-08
3.30747e-05
1.09783e-08
3.30753e-05
1.09475e-08
3.30759e-05
1.08662e-08
3.30764e-05
1.0516e-08
3.30767e-05
9.81375e-09
3.30768e-05
9.00418e-09
3.30769e-05
8.00676e-09
7.17013e-09
3.3077e-05
3.60066e-05
7.84202e-11
3.60061e-05
9.71801e-10
3.60057e-05
1.45593e-09
3.60058e-05
2.35949e-09
3.60047e-05
3.60268e-09
3.60029e-05
3.91117e-09
3.60024e-05
4.30345e-09
3.60027e-05
6.51972e-09
3.60023e-05
9.31107e-09
3.60013e-05
1.07165e-08
3.60003e-05
1.10095e-08
3.60003e-05
1.0657e-08
3.60008e-05
1.04447e-08
3.60014e-05
1.03443e-08
3.6002e-05
1.0333e-08
3.60024e-05
1.0113e-08
3.60026e-05
9.58231e-09
3.60028e-05
8.76169e-09
3.6003e-05
7.83311e-09
7.05539e-09
3.60031e-05
3.91893e-05
2.449e-10
3.91892e-05
1.15582e-09
3.91885e-05
2.13964e-09
3.91883e-05
2.53413e-09
3.91881e-05
3.83545e-09
3.91867e-05
5.31032e-09
3.91852e-05
5.78241e-09
3.91852e-05
6.52523e-09
3.91859e-05
8.62753e-09
3.91858e-05
1.07897e-08
3.91852e-05
1.15631e-08
3.91847e-05
1.11599e-08
3.9185e-05
1.01398e-08
3.91858e-05
9.6175e-09
3.91867e-05
9.44463e-09
3.91873e-05
9.47924e-09
3.91877e-05
9.19009e-09
3.91878e-05
8.65014e-09
3.91878e-05
7.8114e-09
7.03026e-09
3.91878e-05
4.26535e-05
5.07335e-10
4.26535e-05
1.20911e-09
4.26529e-05
2.68707e-09
4.26523e-05
3.20824e-09
4.26522e-05
3.92057e-09
4.26517e-05
5.78776e-09
4.26504e-05
7.04911e-09
4.26497e-05
7.24162e-09
4.26503e-05
8.04061e-09
4.26513e-05
9.79571e-09
4.26515e-05
1.13423e-08
4.26513e-05
1.14137e-08
4.2651e-05
1.04152e-08
4.26514e-05
9.18659e-09
4.26522e-05
8.66084e-09
4.26531e-05
8.62547e-09
4.26535e-05
8.72041e-09
4.26537e-05
8.45463e-09
4.26537e-05
7.78761e-09
7.01504e-09
4.26538e-05
4.64241e-05
7.31791e-10
4.64239e-05
1.39702e-09
4.64236e-05
2.94878e-09
4.64229e-05
3.95919e-09
4.64226e-05
4.26429e-09
4.64227e-05
5.66742e-09
4.64222e-05
7.56224e-09
4.64213e-05
8.12268e-09
4.64213e-05
8.05229e-09
4.64222e-05
8.84837e-09
4.64234e-05
1.02063e-08
4.64237e-05
1.10519e-08
4.64236e-05
1.048e-08
4.64236e-05
9.26428e-09
4.64241e-05
8.14193e-09
4.64249e-05
7.83319e-09
4.64257e-05
7.88588e-09
4.64262e-05
7.977e-09
4.64264e-05
7.61089e-09
6.98605e-09
4.64264e-05
5.0528e-05
8.48876e-10
5.05277e-05
1.74308e-09
5.05276e-05
3.02419e-09
5.05271e-05
4.43469e-09
5.05266e-05
4.83142e-09
5.05266e-05
5.60635e-09
5.05269e-05
7.32087e-09
5.05266e-05
8.39877e-09
5.05263e-05
8.38379e-09
5.05268e-05
8.28388e-09
5.0528e-05
9.02875e-09
5.05291e-05
9.97537e-09
5.05295e-05
1.01177e-08
5.05295e-05
9.24108e-09
5.05295e-05
8.09539e-09
5.05301e-05
7.2953e-09
5.05308e-05
7.14316e-09
5.05316e-05
7.21411e-09
5.0532e-05
7.19027e-09
6.8053e-09
5.05322e-05
5.49947e-05
8.76189e-10
5.49944e-05
2.10738e-09
5.49943e-05
3.10099e-09
5.49942e-05
4.54995e-09
5.49938e-05
5.25281e-09
5.49937e-05
5.65076e-09
5.49942e-05
6.84184e-09
5.49945e-05
8.13e-09
5.49944e-05
8.40083e-09
5.49946e-05
8.13288e-09
5.49955e-05
8.15708e-09
5.49967e-05
8.76764e-09
5.49976e-05
9.18422e-09
5.4998e-05
8.86363e-09
5.49981e-05
7.96845e-09
5.49983e-05
7.08596e-09
5.49989e-05
6.56663e-09
5.49996e-05
6.49788e-09
5.50003e-05
6.49753e-09
6.344e-09
5.50008e-05
5.98562e-05
8.63912e-10
5.9856e-05
2.32796e-09
5.98559e-05
3.19886e-09
5.9856e-05
4.43032e-09
5.98559e-05
5.34738e-09
5.98559e-05
5.71982e-09
5.98563e-05
6.41756e-09
5.9857e-05
7.45415e-09
5.98574e-05
7.97812e-09
5.98577e-05
7.86766e-09
5.98582e-05
7.5985e-09
5.98592e-05
7.75365e-09
5.98603e-05
8.07221e-09
5.98611e-05
8.08926e-09
5.98615e-05
7.56893e-09
5.98618e-05
6.83714e-09
5.98621e-05
6.2236e-09
5.98627e-05
5.90982e-09
5.98634e-05
5.82232e-09
5.70341e-09
5.9864e-05
6.51474e-05
8.2955e-10
6.51474e-05
2.37336e-09
6.51474e-05
3.24332e-09
6.51476e-05
4.19441e-09
6.51478e-05
5.11465e-09
6.5148e-05
5.57287e-09
6.51484e-05
5.98703e-09
6.51492e-05
6.69688e-09
6.51499e-05
7.25271e-09
6.51504e-05
7.3132e-09
6.51509e-05
7.08798e-09
6.51518e-05
6.94761e-09
6.51528e-05
7.05755e-09
6.51538e-05
7.09998e-09
6.51545e-05
6.87457e-09
6.51549e-05
6.35915e-09
6.51553e-05
5.82633e-09
6.51558e-05
5.40949e-09
6.51565e-05
5.19177e-09
5.0465e-09
6.51571e-05
7.09064e-05
7.82082e-10
7.09065e-05
2.25739e-09
7.09066e-05
3.12427e-09
7.0907e-05
3.86001e-09
7.09074e-05
4.65169e-09
7.09078e-05
5.16249e-09
7.09083e-05
5.48996e-09
7.09091e-05
5.92409e-09
7.091e-05
6.34525e-09
7.09108e-05
6.498e-09
7.09115e-05
6.38216e-09
7.09123e-05
6.19027e-09
7.09132e-05
6.12484e-09
7.09142e-05
6.10509e-09
7.09151e-05
5.98119e-09
7.09158e-05
5.67176e-09
7.09164e-05
5.26066e-09
7.09169e-05
4.87886e-09
7.09175e-05
4.58748e-09
4.39758e-09
7.09181e-05
7.71744e-05
7.05656e-10
7.71747e-05
2.00678e-09
7.7175e-05
2.82242e-09
7.71754e-05
3.41022e-09
7.71761e-05
4.01739e-09
7.71767e-05
4.50902e-09
7.71774e-05
4.80613e-09
7.71782e-05
5.07435e-09
7.71792e-05
5.35107e-09
7.71802e-05
5.51549e-09
7.71811e-05
5.48912e-09
7.7182e-05
5.33842e-09
7.71829e-05
5.2014e-09
7.71839e-05
5.09862e-09
7.71849e-05
4.983e-09
7.71858e-05
4.79582e-09
7.71865e-05
4.53274e-09
7.71871e-05
4.23692e-09
7.71878e-05
3.96608e-09
3.73851e-09
7.71884e-05
8.39965e-05
5.90124e-10
8.39969e-05
1.64184e-09
8.39974e-05
2.33559e-09
8.3998e-05
2.80516e-09
8.39988e-05
3.24448e-09
8.39996e-05
3.64449e-09
8.40005e-05
3.92309e-09
8.40015e-05
4.11621e-09
8.40026e-05
4.28373e-09
8.40037e-05
4.40012e-09
8.40047e-05
4.41679e-09
8.40057e-05
4.33306e-09
8.40067e-05
4.20626e-09
8.40078e-05
4.07865e-09
8.40088e-05
3.95392e-09
8.40098e-05
3.80823e-09
8.40107e-05
3.6262e-09
8.40115e-05
3.41798e-09
8.40123e-05
3.2075e-09
3.01858e-09
8.4013e-05
9.14217e-05
4.44312e-10
9.14222e-05
1.1905e-09
9.14228e-05
1.69095e-09
9.14236e-05
2.03766e-09
9.14245e-05
2.34379e-09
9.14255e-05
2.62921e-09
9.14266e-05
2.84972e-09
9.14277e-05
2.99876e-09
9.14289e-05
3.1042e-09
9.14301e-05
3.17311e-09
9.14313e-05
3.19148e-09
9.14325e-05
3.15089e-09
9.14337e-05
3.06909e-09
9.14348e-05
2.97104e-09
9.14358e-05
2.86966e-09
9.14369e-05
2.76208e-09
9.14379e-05
2.64092e-09
9.14388e-05
2.50555e-09
9.14396e-05
2.36258e-09
2.2185e-09
9.14404e-05
9.95034e-05
9.95039e-05
9.95047e-05
9.95057e-05
9.95068e-05
9.9508e-05
9.95092e-05
9.95105e-05
9.95119e-05
9.95133e-05
9.95146e-05
9.9516e-05
9.95173e-05
9.95185e-05
9.95197e-05
9.95209e-05
9.9522e-05
9.9523e-05
9.9524e-05
9.95249e-05
1.98557e-05
1.06476e-08
1.98433e-05
1.24225e-08
1.98285e-05
1.47682e-08
1.98115e-05
1.69982e-08
1.97928e-05
1.86992e-08
1.97728e-05
1.99984e-08
1.97517e-05
2.11424e-08
1.97297e-05
2.19177e-08
1.97076e-05
2.21196e-08
1.96853e-05
2.22908e-08
1.96627e-05
2.26747e-08
1.96393e-05
2.33208e-08
1.96152e-05
2.41549e-08
1.95902e-05
2.49557e-08
1.95646e-05
2.56769e-08
1.95381e-05
2.64259e-08
1.9511e-05
2.7084e-08
1.94836e-05
2.74942e-08
1.94559e-05
2.76901e-08
1.94282e-05
2.76697e-08
1.94007e-05
2.75109e-08
1.93734e-05
2.72921e-08
1.93464e-05
2.69636e-08
1.93197e-05
2.67297e-08
1.92929e-05
2.67959e-08
1.92659e-05
2.70306e-08
1.92383e-05
2.75189e-08
1.92099e-05
2.84327e-08
1.91803e-05
2.96221e-08
1.91492e-05
3.10542e-08
1.91166e-05
3.2621e-08
1.90827e-05
3.39007e-08
1.90479e-05
3.48152e-08
1.90125e-05
3.54189e-08
1.8977e-05
3.54928e-08
1.89417e-05
3.52479e-08
1.89066e-05
3.51732e-08
1.88713e-05
3.53211e-08
1.88353e-05
3.59448e-08
1.87978e-05
3.74876e-08
1.87586e-05
3.92213e-08
1.87187e-05
3.9894e-08
1.8679e-05
3.97303e-08
1.86392e-05
3.98206e-08
1.85989e-05
4.02602e-08
1.85582e-05
4.07139e-08
1.85167e-05
4.15271e-08
1.84739e-05
4.27363e-08
1.84305e-05
4.346e-08
1.83869e-05
4.35781e-08
1.83427e-05
4.41823e-08
1.82972e-05
4.55324e-08
1.82508e-05
4.63816e-08
1.82044e-05
4.63604e-08
1.81576e-05
4.68e-08
1.81092e-05
4.8464e-08
1.80592e-05
4.99143e-08
1.80094e-05
4.9851e-08
1.79601e-05
4.92593e-08
1.79098e-05
5.03046e-08
1.78569e-05
5.29329e-08
1.78021e-05
5.48176e-08
1.7748e-05
5.40451e-08
1.76961e-05
5.19001e-08
1.76447e-05
5.14393e-08
1.75902e-05
5.44879e-08
1.75307e-05
5.94883e-08
1.7468e-05
6.26899e-08
1.74071e-05
6.09713e-08
1.73535e-05
5.358e-08
1.7311e-05
4.24702e-08
1.72808e-05
3.02351e-08
1.72613e-05
1.95002e-08
1.725e-05
1.12212e-08
1.72442e-05
5.81901e-09
1.72416e-05
2.59643e-09
1.72407e-05
9.47964e-10
1.72405e-05
2.18643e-10
1.72406e-05
-8.80779e-11
1.72406e-05
-8.97154e-11
1.72408e-05
-1.291e-10
1.72408e-05
-5.3905e-11
1.72409e-05
-4.19734e-11
1.72409e-05
-3.40702e-11
1.72409e-05
1.57361e-11
1.72409e-05
-2.33044e-11
1.72409e-05
1.79419e-11
1.72409e-05
9.00394e-12
1.72409e-05
-1.02718e-11
1.72409e-05
3.67504e-11
1.72409e-05
-2.10767e-11
1.72408e-05
3.3858e-11
1.72408e-05
-3.87319e-12
1.72408e-05
1.89567e-11
1.72408e-05
1.17194e-11
1.72408e-05
4.55175e-11
1.72408e-05
-3.6667e-11
1.72406e-05
1.5908e-10
1.72407e-05
-6.943e-11
3.36959e-10
2.16422e-05
8.45539e-09
2.1645e-05
9.64697e-09
2.1648e-05
1.17012e-08
2.16509e-05
1.41386e-08
2.16532e-05
1.63939e-08
2.1655e-05
1.82109e-08
2.16563e-05
1.97764e-08
2.16571e-05
2.11171e-08
2.16574e-05
2.19108e-08
2.16575e-05
2.21288e-08
2.16579e-05
2.22569e-08
2.16585e-05
2.27251e-08
2.16592e-05
2.34553e-08
2.166e-05
2.41931e-08
2.16608e-05
2.49121e-08
2.16615e-05
2.57215e-08
2.1662e-05
2.65312e-08
2.16624e-05
2.71502e-08
2.16625e-05
2.75156e-08
2.16626e-05
2.76121e-08
2.16625e-05
2.75475e-08
2.16624e-05
2.74247e-08
2.16622e-05
2.72054e-08
2.16618e-05
2.70715e-08
2.16614e-05
2.72334e-08
2.16608e-05
2.75961e-08
2.16602e-05
2.81939e-08
2.16595e-05
2.91295e-08
2.16588e-05
3.02756e-08
2.16582e-05
3.16565e-08
2.16576e-05
3.31893e-08
2.16571e-05
3.44048e-08
2.16567e-05
3.52225e-08
2.16563e-05
3.58418e-08
2.16557e-05
3.60711e-08
2.1655e-05
3.59871e-08
2.16541e-05
3.61053e-08
2.16528e-05
3.65279e-08
2.16515e-05
3.73213e-08
2.16501e-05
3.88066e-08
2.1649e-05
4.04138e-08
2.16478e-05
4.1071e-08
2.16465e-05
4.10318e-08
2.1645e-05
4.13344e-08
2.16432e-05
4.19972e-08
2.16413e-05
4.2605e-08
2.16394e-05
4.34987e-08
2.16373e-05
4.4792e-08
2.16351e-05
4.56481e-08
2.16328e-05
4.59019e-08
2.16303e-05
4.66324e-08
2.16277e-05
4.81351e-08
2.1625e-05
4.91493e-08
2.16221e-05
4.92459e-08
2.16191e-05
4.98138e-08
2.16159e-05
5.16825e-08
2.16124e-05
5.33356e-08
2.1609e-05
5.33207e-08
2.16055e-05
5.27383e-08
2.16018e-05
5.39972e-08
2.15977e-05
5.70456e-08
2.15934e-05
5.91479e-08
2.15893e-05
5.81092e-08
2.15857e-05
5.55099e-08
2.1582e-05
5.50912e-08
2.15776e-05
5.89402e-08
2.15721e-05
6.494e-08
2.15666e-05
6.82476e-08
2.15626e-05
6.4943e-08
2.15618e-05
5.43851e-08
2.15648e-05
3.94434e-08
2.15712e-05
2.38982e-08
2.15794e-05
1.12203e-08
2.1588e-05
2.60848e-09
2.15959e-05
-2.00269e-09
2.16021e-05
-3.67593e-09
2.16067e-05
-3.63553e-09
2.16098e-05
-2.82494e-09
2.16116e-05
-1.95751e-09
2.16127e-05
-1.12272e-09
2.16132e-05
-6.59697e-10
2.16134e-05
-2.71916e-10
2.16135e-05
-1.08127e-10
2.16135e-05
-1.78346e-11
2.16134e-05
6.18169e-11
2.16134e-05
3.58121e-11
2.16133e-05
6.91136e-11
2.16132e-05
6.88391e-11
2.16132e-05
2.34565e-11
2.16132e-05
8.88275e-11
2.16131e-05
-6.96695e-13
2.16131e-05
7.63719e-11
2.16131e-05
6.5593e-12
2.16131e-05
5.94897e-11
2.16131e-05
1.0677e-11
2.1613e-05
8.68473e-11
2.1613e-05
-3.58156e-11
2.1613e-05
1.975e-10
2.16129e-05
-3.90189e-11
3.31347e-10
2.35603e-05
8.07276e-09
2.35612e-05
8.74928e-09
2.35627e-05
1.02062e-08
2.35647e-05
1.21941e-08
2.35667e-05
1.43446e-08
2.35686e-05
1.62948e-08
2.35704e-05
1.79737e-08
2.3572e-05
1.9523e-08
2.35731e-05
2.07939e-08
2.35738e-05
2.14565e-08
2.35744e-05
2.16883e-08
2.35751e-05
2.2005e-08
2.3576e-05
2.25085e-08
2.35772e-05
2.30525e-08
2.35784e-05
2.36462e-08
2.35798e-05
2.43324e-08
2.35813e-05
2.50696e-08
2.35826e-05
2.58168e-08
2.35837e-05
2.64688e-08
2.35845e-05
2.68291e-08
2.35851e-05
2.69449e-08
2.35855e-05
2.69746e-08
2.35858e-05
2.68959e-08
2.35861e-05
2.68373e-08
2.35863e-05
2.70143e-08
2.35865e-05
2.74145e-08
2.35866e-05
2.805e-08
2.35868e-05
2.89048e-08
2.35872e-05
2.98506e-08
2.35879e-05
3.10013e-08
2.35888e-05
3.23194e-08
2.35899e-05
3.33263e-08
2.35911e-05
3.39724e-08
2.35924e-05
3.45845e-08
2.35934e-05
3.49996e-08
2.35943e-05
3.513e-08
2.3595e-05
3.54026e-08
2.35956e-05
3.59446e-08
2.35962e-05
3.67143e-08
2.35971e-05
3.79136e-08
2.35983e-05
3.9177e-08
2.35996e-05
3.97822e-08
2.36007e-05
3.99787e-08
2.36015e-05
4.04966e-08
2.36023e-05
4.1222e-08
2.36031e-05
4.18172e-08
2.36039e-05
4.26317e-08
2.36049e-05
4.38025e-08
2.36059e-05
4.46569e-08
2.36068e-05
4.50341e-08
2.36076e-05
4.57801e-08
2.36086e-05
4.71487e-08
2.36096e-05
4.81429e-08
2.36105e-05
4.83878e-08
2.36113e-05
4.89822e-08
2.36124e-05
5.06315e-08
2.36135e-05
5.21528e-08
2.36145e-05
5.23302e-08
2.36153e-05
5.19819e-08
2.36162e-05
5.30544e-08
2.36177e-05
5.56049e-08
2.36194e-05
5.7454e-08
2.36207e-05
5.67825e-08
2.36215e-05
5.47419e-08
2.36222e-05
5.43463e-08
2.36238e-05
5.73334e-08
2.36267e-05
6.20268e-08
2.36306e-05
6.4341e-08
2.36346e-05
6.09783e-08
2.36376e-05
5.13544e-08
2.36391e-05
3.79274e-08
2.36391e-05
2.39419e-08
2.3638e-05
1.236e-08
2.36363e-05
4.24588e-09
2.36346e-05
-2.65199e-10
2.3633e-05
-2.04754e-09
2.36317e-05
-2.35593e-09
2.36307e-05
-1.85794e-09
2.363e-05
-1.26926e-09
2.36295e-05
-6.37071e-10
2.36292e-05
-3.00621e-10
2.36289e-05
-1.34348e-11
2.36287e-05
9.70679e-11
2.36285e-05
1.49681e-10
2.36284e-05
1.89537e-10
2.36283e-05
1.58868e-10
2.36282e-05
1.51796e-10
2.36281e-05
1.60582e-10
2.36281e-05
8.07391e-11
2.3628e-05
1.53816e-10
2.3628e-05
4.05738e-11
2.36279e-05
1.23671e-10
2.36279e-05
3.28215e-11
2.36278e-05
9.98767e-11
2.36278e-05
2.36861e-11
2.36278e-05
1.20402e-10
2.36278e-05
-1.32841e-11
2.36278e-05
1.98445e-10
2.36277e-05
1.42281e-11
2.97789e-10
2.5647e-05
7.5838e-09
2.56476e-05
8.13837e-09
2.56485e-05
9.31059e-09
2.56497e-05
1.09548e-08
2.56513e-05
1.28093e-08
2.56529e-05
1.46415e-08
2.56546e-05
1.62968e-08
2.56563e-05
1.78374e-08
2.56578e-05
1.9279e-08
2.56589e-05
2.03101e-08
2.56598e-05
2.08472e-08
2.56605e-05
2.1234e-08
2.56614e-05
2.16749e-08
2.56623e-05
2.21637e-08
2.56632e-05
2.27022e-08
2.56643e-05
2.32536e-08
2.56656e-05
2.38046e-08
2.56669e-05
2.44637e-08
2.56681e-05
2.52445e-08
2.56691e-05
2.58891e-08
2.56698e-05
2.62173e-08
2.56704e-05
2.63908e-08
2.56708e-05
2.64861e-08
2.56712e-05
2.64671e-08
2.56716e-05
2.65577e-08
2.56721e-05
2.69531e-08
2.56725e-05
2.7599e-08
2.56731e-05
2.83873e-08
2.56736e-05
2.92555e-08
2.56744e-05
3.02917e-08
2.56752e-05
3.14573e-08
2.56762e-05
3.23246e-08
2.56774e-05
3.28276e-08
2.56786e-05
3.33769e-08
2.56797e-05
3.39099e-08
2.56806e-05
3.42074e-08
2.56814e-05
3.45708e-08
2.56822e-05
3.5189e-08
2.56829e-05
3.59376e-08
2.5684e-05
3.68458e-08
2.56854e-05
3.78073e-08
2.56867e-05
3.84997e-08
2.56877e-05
3.89768e-08
2.56886e-05
3.95493e-08
2.56896e-05
4.02116e-08
2.56906e-05
4.08541e-08
2.56916e-05
4.16263e-08
2.56928e-05
4.25831e-08
2.5694e-05
4.34272e-08
2.5695e-05
4.40593e-08
2.5696e-05
4.48281e-08
2.56972e-05
4.58727e-08
2.56986e-05
4.67653e-08
2.56997e-05
4.73385e-08
2.57006e-05
4.80918e-08
2.57019e-05
4.93392e-08
2.57035e-05
5.04634e-08
2.5705e-05
5.08873e-08
2.57059e-05
5.10916e-08
2.57068e-05
5.21081e-08
2.57086e-05
5.38556e-08
2.5711e-05
5.50477e-08
2.57131e-05
5.46995e-08
2.57142e-05
5.36078e-08
2.57149e-05
5.36456e-08
2.57165e-05
5.57463e-08
2.57199e-05
5.86422e-08
2.57247e-05
5.94952e-08
2.57296e-05
5.60607e-08
2.57331e-05
4.78705e-08
2.57344e-05
3.66657e-08
2.57335e-05
2.47895e-08
2.57313e-05
1.45842e-08
2.57285e-05
7.07286e-09
2.57258e-05
2.38e-09
2.57237e-05
5.34732e-11
2.57223e-05
-9.10192e-10
2.57213e-05
-8.81315e-10
2.57207e-05
-6.4485e-10
2.57203e-05
-2.2166e-10
2.572e-05
-1.08603e-12
2.57198e-05
2.06541e-10
2.57196e-05
2.82927e-10
2.57194e-05
3.1051e-10
2.57193e-05
3.21231e-10
2.57191e-05
2.86918e-10
2.57191e-05
2.4514e-10
2.5719e-05
2.55312e-10
2.57189e-05
1.50307e-10
2.57188e-05
2.1758e-10
2.57188e-05
9.43815e-11
2.57187e-05
1.66039e-10
2.57187e-05
7.23096e-11
2.57187e-05
1.31308e-10
2.57186e-05
5.16745e-11
2.57186e-05
1.42214e-10
2.57186e-05
1.95848e-11
2.57186e-05
1.98211e-10
2.57185e-05
5.69959e-11
2.71712e-10
2.79175e-05
7.31015e-09
2.79178e-05
7.82615e-09
2.79183e-05
8.82704e-09
2.7919e-05
1.02203e-08
2.79201e-05
1.18022e-08
2.79213e-05
1.34204e-08
2.79226e-05
1.49599e-08
2.79241e-05
1.63975e-08
2.79255e-05
1.77973e-08
2.79269e-05
1.89813e-08
2.7928e-05
1.97251e-08
2.7929e-05
2.01833e-08
2.79301e-05
2.06185e-08
2.79312e-05
2.11035e-08
2.79322e-05
2.16291e-08
2.79333e-05
2.2156e-08
2.79345e-05
2.26379e-08
2.79358e-05
2.31545e-08
2.79372e-05
2.387e-08
2.79384e-05
2.46875e-08
2.79393e-05
2.52984e-08
2.794e-05
2.56879e-08
2.79405e-05
2.59728e-08
2.79409e-05
2.60827e-08
2.79413e-05
2.61734e-08
2.79417e-05
2.65274e-08
2.79422e-05
2.71234e-08
2.79428e-05
2.77954e-08
2.79435e-05
2.8521e-08
2.79443e-05
2.94509e-08
2.79453e-05
3.05343e-08
2.79463e-05
3.1288e-08
2.79475e-05
3.16613e-08
2.79487e-05
3.21628e-08
2.79498e-05
3.27652e-08
2.79509e-05
3.31752e-08
2.79518e-05
3.36246e-08
2.79527e-05
3.42903e-08
2.79536e-05
3.50134e-08
2.79547e-05
3.578e-08
2.79559e-05
3.65703e-08
2.79572e-05
3.72143e-08
2.79584e-05
3.77717e-08
2.79595e-05
3.84365e-08
2.79606e-05
3.91457e-08
2.79617e-05
3.97875e-08
2.79628e-05
4.04969e-08
2.7964e-05
4.13692e-08
2.79652e-05
4.2207e-08
2.79664e-05
4.28874e-08
2.79676e-05
4.36345e-08
2.79689e-05
4.45949e-08
2.79702e-05
4.54812e-08
2.79714e-05
4.61145e-08
2.79726e-05
4.68306e-08
2.79741e-05
4.79212e-08
2.79755e-05
4.8982e-08
2.79769e-05
4.95243e-08
2.79782e-05
4.98119e-08
2.79797e-05
5.06113e-08
2.79816e-05
5.19779e-08
2.79836e-05
5.30195e-08
2.79853e-05
5.29477e-08
2.79867e-05
5.22051e-08
2.79883e-05
5.21088e-08
2.79906e-05
5.33832e-08
2.79941e-05
5.5188e-08
2.79982e-05
5.53931e-08
2.80021e-05
5.22064e-08
2.80048e-05
4.51376e-08
2.8006e-05
3.54881e-08
2.80056e-05
2.51272e-08
2.80042e-05
1.59678e-08
2.80024e-05
8.95542e-09
2.80004e-05
4.36449e-09
2.79986e-05
1.84848e-09
2.79971e-05
6.2512e-10
2.79959e-05
3.06774e-10
2.7995e-05
2.48334e-10
2.79943e-05
4.22647e-10
2.79938e-05
4.74663e-10
2.79935e-05
5.57757e-10
2.79932e-05
5.51096e-10
2.7993e-05
5.21441e-10
2.79929e-05
4.84204e-10
2.79927e-05
4.31041e-10
2.79926e-05
3.54415e-10
2.79925e-05
3.5409e-10
2.79924e-05
2.3201e-10
2.79924e-05
2.8056e-10
2.79923e-05
1.58603e-10
2.79923e-05
2.05566e-10
2.79922e-05
1.21053e-10
2.79922e-05
1.57958e-10
2.79921e-05
8.90347e-11
2.79921e-05
1.57463e-10
2.79921e-05
5.88612e-11
2.79921e-05
1.95483e-10
2.79921e-05
9.3295e-11
2.51902e-10
3.0388e-05
7.24925e-09
3.03882e-05
7.6716e-09
3.03885e-05
8.52341e-09
3.0389e-05
9.68346e-09
3.03898e-05
1.10027e-08
3.03908e-05
1.23782e-08
3.03921e-05
1.37355e-08
3.03935e-05
1.50007e-08
3.0395e-05
1.62743e-08
3.03965e-05
1.75012e-08
3.03978e-05
1.84168e-08
3.03989e-05
1.90308e-08
3.04e-05
1.95569e-08
3.0401e-05
2.01053e-08
3.0402e-05
2.06637e-08
3.04029e-05
2.12131e-08
3.04038e-05
2.1731e-08
3.04048e-05
2.21533e-08
3.0406e-05
2.26647e-08
3.04073e-05
2.3424e-08
3.04084e-05
2.42031e-08
3.04093e-05
2.47788e-08
3.04101e-05
2.5138e-08
3.04109e-05
2.53374e-08
3.04115e-05
2.55199e-08
3.04122e-05
2.58594e-08
3.04129e-05
2.64065e-08
3.04137e-05
2.70186e-08
3.04146e-05
2.76072e-08
3.04156e-05
2.84435e-08
3.04166e-05
2.95685e-08
3.04175e-05
3.03192e-08
3.04186e-05
3.0587e-08
3.04197e-05
3.10168e-08
3.04209e-05
3.164e-08
3.0422e-05
3.20858e-08
3.04231e-05
3.25376e-08
3.04241e-05
3.32372e-08
3.04251e-05
3.3993e-08
3.04262e-05
3.46642e-08
3.04275e-05
3.53055e-08
3.04288e-05
3.59362e-08
3.043e-05
3.65657e-08
3.04312e-05
3.72388e-08
3.04324e-05
3.795e-08
3.04335e-05
3.86413e-08
3.04347e-05
3.93106e-08
3.0436e-05
4.00348e-08
3.04374e-05
4.08401e-08
3.04387e-05
4.16432e-08
3.04399e-05
4.24122e-08
3.04413e-05
4.32073e-08
3.04427e-05
4.40039e-08
3.04441e-05
4.47576e-08
3.04454e-05
4.55549e-08
3.04468e-05
4.64694e-08
3.04485e-05
4.73082e-08
3.04501e-05
4.78915e-08
3.04516e-05
4.83947e-08
3.0453e-05
4.91719e-08
3.04548e-05
5.0155e-08
3.0457e-05
5.08177e-08
3.04592e-05
5.0795e-08
3.0461e-05
5.04222e-08
3.04626e-05
5.04719e-08
3.04647e-05
5.12331e-08
3.04679e-05
5.20261e-08
3.04719e-05
5.1386e-08
3.04759e-05
4.81678e-08
3.0479e-05
4.20745e-08
3.04805e-05
3.40178e-08
3.04803e-05
2.53256e-08
3.04788e-05
1.74158e-08
3.04767e-05
1.10866e-08
3.04745e-05
6.58666e-09
3.04725e-05
3.78378e-09
3.0471e-05
2.133e-09
3.047e-05
1.39363e-09
3.04692e-05
1.01615e-09
3.04687e-05
9.49841e-10
3.04683e-05
8.68278e-10
3.0468e-05
8.52764e-10
3.04677e-05
7.93779e-10
3.04675e-05
7.23654e-10
3.04674e-05
6.50003e-10
3.04672e-05
5.78092e-10
3.04671e-05
4.73659e-10
3.0467e-05
4.55099e-10
3.04669e-05
3.23415e-10
3.04668e-05
3.44825e-10
3.04668e-05
2.29544e-10
3.04667e-05
2.46692e-10
3.04667e-05
1.73415e-10
3.04666e-05
1.86495e-10
3.04666e-05
1.27682e-10
3.04666e-05
1.74919e-10
3.04666e-05
9.54913e-11
3.04665e-05
1.96351e-10
3.04665e-05
1.22884e-10
2.37194e-10
3.3077e-05
7.19236e-09
3.30771e-05
7.56207e-09
3.30773e-05
8.35082e-09
3.30776e-05
9.38346e-09
3.30781e-05
1.05083e-08
3.30788e-05
1.16371e-08
3.30798e-05
1.27675e-08
3.3081e-05
1.38492e-08
3.30822e-05
1.49911e-08
3.30835e-05
1.61954e-08
3.30848e-05
1.71654e-08
3.3086e-05
1.78373e-08
3.30872e-05
1.8359e-08
3.30884e-05
1.88651e-08
3.30897e-05
1.94179e-08
3.30908e-05
2.00409e-08
3.30919e-05
2.06568e-08
3.3093e-05
2.10804e-08
3.30942e-05
2.14274e-08
3.30956e-05
2.20591e-08
3.30969e-05
2.29316e-08
3.30979e-05
2.37214e-08
3.30988e-05
2.42475e-08
3.30996e-05
2.4528e-08
3.31003e-05
2.48206e-08
3.3101e-05
2.52122e-08
3.31017e-05
2.57139e-08
3.31024e-05
2.62844e-08
3.31033e-05
2.67038e-08
3.31045e-05
2.7255e-08
3.31057e-05
2.83696e-08
3.31068e-05
2.92392e-08
3.31079e-05
2.94341e-08
3.31091e-05
2.97935e-08
3.31103e-05
3.04931e-08
3.31114e-05
3.09724e-08
3.31126e-05
3.1368e-08
3.31138e-05
3.20436e-08
3.31149e-05
3.28264e-08
3.31161e-05
3.3488e-08
3.31174e-05
3.40556e-08
3.31187e-05
3.46308e-08
3.312e-05
3.52496e-08
3.31213e-05
3.59122e-08
3.31226e-05
3.66424e-08
3.31239e-05
3.73882e-08
3.31251e-05
3.80328e-08
3.31265e-05
3.86507e-08
3.3128e-05
3.94159e-08
3.31293e-05
4.02541e-08
3.31307e-05
4.1009e-08
3.31322e-05
4.17366e-08
3.31337e-05
4.25166e-08
3.31352e-05
4.32875e-08
3.31367e-05
4.40345e-08
3.31383e-05
4.48417e-08
3.314e-05
4.56418e-08
3.31416e-05
4.62752e-08
3.31432e-05
4.67778e-08
3.3145e-05
4.73816e-08
3.3147e-05
4.81199e-08
3.31492e-05
4.86826e-08
3.31512e-05
4.87798e-08
3.31531e-05
4.85345e-08
3.31551e-05
4.84114e-08
3.31578e-05
4.86166e-08
3.31611e-05
4.87372e-08
3.31647e-05
4.77592e-08
3.3168e-05
4.48209e-08
3.31705e-05
3.96201e-08
3.31717e-05
3.27685e-08
3.31718e-05
2.52835e-08
3.31709e-05
1.82705e-08
3.31695e-05
1.24729e-08
3.3168e-05
8.15909e-09
3.31664e-05
5.31488e-09
3.31651e-05
3.50375e-09
3.31639e-05
2.53179e-09
3.3163e-05
1.9281e-09
3.31623e-05
1.64528e-09
3.31618e-05
1.40597e-09
3.31614e-05
1.25465e-09
3.31611e-05
1.10667e-09
3.31608e-05
9.6902e-10
3.31606e-05
8.44608e-10
3.31605e-05
7.40191e-10
3.31603e-05
6.07545e-10
3.31602e-05
5.61777e-10
3.31601e-05
4.23582e-10
3.316e-05
4.12723e-10
3.316e-05
3.0485e-10
3.31599e-05
2.9181e-10
3.31599e-05
2.26875e-10
3.31598e-05
2.18868e-10
3.31598e-05
1.65843e-10
3.31598e-05
1.95363e-10
3.31597e-05
1.28893e-10
3.31597e-05
2.00791e-10
3.31597e-05
1.47092e-10
2.26634e-10
3.60032e-05
7.09869e-09
3.60033e-05
7.50741e-09
3.60034e-05
8.19673e-09
3.60037e-05
9.12696e-09
3.60041e-05
1.01169e-08
3.60047e-05
1.10066e-08
3.60056e-05
1.18972e-08
3.60066e-05
1.27928e-08
3.60079e-05
1.37462e-08
3.60092e-05
1.48486e-08
3.60106e-05
1.58274e-08
3.60118e-05
1.65754e-08
3.6013e-05
1.71491e-08
3.60143e-05
1.76326e-08
3.60154e-05
1.82433e-08
3.60165e-05
1.89426e-08
3.60175e-05
1.9645e-08
3.60185e-05
2.01635e-08
3.60195e-05
2.04392e-08
3.60206e-05
2.08919e-08
3.60219e-05
2.16766e-08
3.60231e-05
2.25209e-08
3.60242e-05
2.31712e-08
3.60252e-05
2.34763e-08
3.60263e-05
2.37441e-08
3.60273e-05
2.41873e-08
3.60283e-05
2.47128e-08
3.60293e-05
2.53265e-08
3.60302e-05
2.57476e-08
3.60314e-05
2.60431e-08
3.60328e-05
2.70273e-08
3.60339e-05
2.81128e-08
3.6035e-05
2.83448e-08
3.60362e-05
2.85357e-08
3.60375e-05
2.92542e-08
3.60386e-05
2.98075e-08
3.60399e-05
3.01276e-08
3.60412e-05
3.07175e-08
3.60425e-05
3.15263e-08
3.60438e-05
3.2227e-08
3.60451e-05
3.27586e-08
3.60464e-05
3.32806e-08
3.60478e-05
3.38927e-08
3.60492e-05
3.45181e-08
3.60506e-05
3.51965e-08
3.6052e-05
3.59912e-08
3.60534e-05
3.66829e-08
3.60548e-05
3.71877e-08
3.60564e-05
3.78363e-08
3.60579e-05
3.8723e-08
3.60594e-05
3.95371e-08
3.6061e-05
4.01797e-08
3.60626e-05
4.08567e-08
3.60643e-05
4.16392e-08
3.60659e-05
4.24226e-08
3.60676e-05
4.3161e-08
3.60694e-05
4.3841e-08
3.60712e-05
4.44293e-08
3.6073e-05
4.49599e-08
3.60749e-05
4.55242e-08
3.60769e-05
4.60899e-08
3.60791e-05
4.64591e-08
3.60814e-05
4.64997e-08
3.60836e-05
4.63146e-08
3.60859e-05
4.61643e-08
3.60884e-05
4.60813e-08
3.60915e-05
4.5715e-08
3.60948e-05
4.43709e-08
3.60982e-05
4.15082e-08
3.61008e-05
3.6977e-08
3.61023e-05
3.1215e-08
3.61027e-05
2.49497e-08
3.6102e-05
1.89622e-08
3.61006e-05
1.38369e-08
3.6099e-05
9.79268e-09
3.60974e-05
6.89879e-09
3.6096e-05
4.87273e-09
3.6095e-05
3.61042e-09
3.60941e-05
2.75983e-09
3.60935e-05
2.25987e-09
3.6093e-05
1.88419e-09
3.60927e-05
1.6226e-09
3.60924e-05
1.4047e-09
3.60921e-05
1.21224e-09
3.60919e-05
1.04382e-09
3.60918e-05
9.06985e-10
3.60916e-05
7.49249e-10
3.60915e-05
6.73243e-10
3.60914e-05
5.28986e-10
3.60913e-05
4.8586e-10
3.60913e-05
3.81733e-10
3.60912e-05
3.42446e-10
3.60912e-05
2.79797e-10
3.60911e-05
2.55538e-10
3.60911e-05
2.03057e-10
3.60911e-05
2.18193e-10
3.6091e-05
1.59803e-10
3.6091e-05
2.0771e-10
3.6091e-05
1.67412e-10
2.1939e-10
3.91879e-05
7.04828e-09
3.9188e-05
7.34861e-09
3.91883e-05
7.98209e-09
3.91886e-05
8.82468e-09
3.91889e-05
9.75708e-09
3.91894e-05
1.05293e-08
3.91901e-05
1.1184e-08
3.9191e-05
1.18839e-08
3.91921e-05
1.26656e-08
3.91933e-05
1.36422e-08
3.91945e-05
1.46353e-08
3.91956e-05
1.54476e-08
3.91967e-05
1.60436e-08
3.91979e-05
1.6453e-08
3.91992e-05
1.69664e-08
3.92005e-05
1.76808e-08
3.92017e-05
1.84184e-08
3.92028e-05
1.90393e-08
3.92039e-05
1.93468e-08
3.92051e-05
1.96563e-08
3.92065e-05
2.02961e-08
3.92079e-05
2.11142e-08
3.92092e-05
2.19188e-08
3.92103e-05
2.23959e-08
3.92113e-05
2.26501e-08
3.92124e-05
2.31298e-08
3.92134e-05
2.37091e-08
3.92144e-05
2.42976e-08
3.92154e-05
2.47512e-08
3.92166e-05
2.48806e-08
3.92181e-05
2.55041e-08
3.92195e-05
2.66985e-08
3.92207e-05
2.71669e-08
3.9222e-05
2.72208e-08
3.92234e-05
2.78769e-08
3.92246e-05
2.85713e-08
3.92259e-05
2.88716e-08
3.92273e-05
2.93259e-08
3.92287e-05
3.00804e-08
3.92301e-05
3.08159e-08
3.92315e-05
3.13793e-08
3.92329e-05
3.18595e-08
3.92344e-05
3.24283e-08
3.92359e-05
3.30394e-08
3.92374e-05
3.36543e-08
3.9239e-05
3.44217e-08
3.92405e-05
3.5182e-08
3.9242e-05
3.56792e-08
3.92436e-05
3.62017e-08
3.92453e-05
3.70269e-08
3.9247e-05
3.78726e-08
3.92487e-05
3.85058e-08
3.92504e-05
3.91299e-08
3.92522e-05
3.9882e-08
3.9254e-05
4.06309e-08
3.92558e-05
4.12975e-08
3.92577e-05
4.19229e-08
3.92597e-05
4.25046e-08
3.92616e-05
4.30106e-08
3.92637e-05
4.34623e-08
3.92659e-05
4.38696e-08
3.92682e-05
4.41419e-08
3.92705e-05
4.41849e-08
3.92728e-05
4.40066e-08
3.92753e-05
4.37197e-08
3.9278e-05
4.33252e-08
3.92811e-05
4.26148e-08
3.92844e-05
4.115e-08
3.92873e-05
3.85564e-08
3.92896e-05
3.47021e-08
3.92909e-05
2.98493e-08
3.92914e-05
2.45237e-08
3.9291e-05
1.93047e-08
3.92902e-05
1.46987e-08
3.9289e-05
1.09219e-08
3.92878e-05
8.09309e-09
3.92867e-05
6.01564e-09
3.92857e-05
4.61413e-09
3.92848e-05
3.61142e-09
3.92842e-05
2.94098e-09
3.92836e-05
2.43099e-09
3.92832e-05
2.04856e-09
3.92829e-05
1.74285e-09
3.92826e-05
1.48331e-09
3.92824e-05
1.26189e-09
3.92822e-05
1.08583e-09
3.9282e-05
9.00212e-10
3.92819e-05
7.91442e-10
3.92818e-05
6.38239e-10
3.92817e-05
5.6485e-10
3.92817e-05
4.59005e-10
3.92816e-05
3.98329e-10
3.92815e-05
3.32004e-10
3.92815e-05
2.95371e-10
3.92815e-05
2.39883e-10
3.92814e-05
2.42153e-10
3.92814e-05
1.89025e-10
3.92814e-05
2.1615e-10
3.92814e-05
1.84859e-10
2.14753e-10
4.26539e-05
6.9376e-09
4.26541e-05
7.13193e-09
4.26544e-05
7.63619e-09
4.26548e-05
8.41142e-09
4.26553e-05
9.28165e-09
4.26558e-05
1.00469e-08
4.26564e-05
1.0606e-08
4.26571e-05
1.11223e-08
4.26581e-05
1.17137e-08
4.26592e-05
1.2498e-08
4.26604e-05
1.34535e-08
4.26616e-05
1.42776e-08
4.26627e-05
1.489e-08
4.26639e-05
1.53067e-08
4.26651e-05
1.57374e-08
4.26664e-05
1.63869e-08
4.26677e-05
1.71435e-08
4.26689e-05
1.78533e-08
4.26699e-05
1.83034e-08
4.2671e-05
1.85597e-08
4.26723e-05
1.90506e-08
4.26736e-05
1.97735e-08
4.26749e-05
2.05767e-08
4.26762e-05
2.11765e-08
4.26774e-05
2.14095e-08
4.26787e-05
2.17892e-08
4.268e-05
2.24062e-08
4.26814e-05
2.29859e-08
4.26826e-05
2.35397e-08
4.26837e-05
2.37433e-08
4.26852e-05
2.40458e-08
4.26867e-05
2.51193e-08
4.2688e-05
2.58828e-08
4.26893e-05
2.59152e-08
4.26908e-05
2.6373e-08
4.26923e-05
2.71537e-08
4.26936e-05
2.75234e-08
4.26951e-05
2.78729e-08
4.26966e-05
2.85372e-08
4.26981e-05
2.92708e-08
4.26996e-05
2.98791e-08
4.27012e-05
3.03541e-08
4.27027e-05
3.0868e-08
4.27043e-05
3.14701e-08
4.27059e-05
3.2042e-08
4.27076e-05
3.27135e-08
4.27093e-05
3.34946e-08
4.27109e-05
3.40512e-08
4.27126e-05
3.44784e-08
4.27145e-05
3.51921e-08
4.27163e-05
3.6065e-08
4.27181e-05
3.67228e-08
4.27199e-05
3.72614e-08
4.27219e-05
3.7936e-08
4.27238e-05
3.86816e-08
4.27258e-05
3.93356e-08
4.27278e-05
3.98962e-08
4.27299e-05
4.04069e-08
4.27321e-05
4.08619e-08
4.27343e-05
4.12508e-08
4.27366e-05
4.15616e-08
4.2739e-05
4.17317e-08
4.27415e-05
4.17064e-08
4.2744e-05
4.14878e-08
4.27466e-05
4.11277e-08
4.27493e-05
4.05883e-08
4.27522e-05
3.96972e-08
4.27552e-05
3.81573e-08
4.27581e-05
3.57329e-08
4.27604e-05
3.2369e-08
4.2762e-05
2.82593e-08
4.27627e-05
2.37865e-08
4.27627e-05
1.93509e-08
4.2762e-05
1.53352e-08
4.2761e-05
1.19072e-08
4.27599e-05
9.1926e-09
4.27589e-05
7.08232e-09
4.27579e-05
5.54449e-09
4.27572e-05
4.39452e-09
4.27565e-05
3.56921e-09
4.2756e-05
2.94046e-09
4.27556e-05
2.45611e-09
4.27553e-05
2.07235e-09
4.2755e-05
1.75351e-09
4.27548e-05
1.48229e-09
4.27546e-05
1.26786e-09
4.27545e-05
1.05464e-09
4.27543e-05
9.13705e-10
4.27542e-05
7.48848e-10
4.27541e-05
6.48294e-10
4.27541e-05
5.3591e-10
4.2754e-05
4.57775e-10
4.2754e-05
3.83785e-10
4.27539e-05
3.3668e-10
4.27539e-05
2.76661e-10
4.27539e-05
2.66259e-10
4.27538e-05
2.16721e-10
4.27538e-05
2.25589e-10
4.27538e-05
2.00015e-10
2.12028e-10
4.64264e-05
6.92809e-09
4.64266e-05
6.95192e-09
4.64269e-05
7.28453e-09
4.64274e-05
7.92424e-09
4.64279e-05
8.76406e-09
4.64285e-05
9.52584e-09
4.6429e-05
1.00746e-08
4.64296e-05
1.04788e-08
4.64305e-05
1.08664e-08
4.64315e-05
1.14579e-08
4.64327e-05
1.22786e-08
4.64339e-05
1.31069e-08
4.6435e-05
1.37654e-08
4.64361e-05
1.42204e-08
4.64372e-05
1.45829e-08
4.64385e-05
1.51038e-08
4.64399e-05
1.5809e-08
4.64412e-05
1.6559e-08
4.64423e-05
1.71127e-08
4.64435e-05
1.73884e-08
4.64448e-05
1.7736e-08
4.64463e-05
1.83291e-08
4.64478e-05
1.90721e-08
4.64492e-05
1.97838e-08
4.64504e-05
2.01491e-08
4.64518e-05
2.04568e-08
4.64531e-05
2.1034e-08
4.64545e-05
2.16161e-08
4.64559e-05
2.21731e-08
4.64571e-05
2.25009e-08
4.64585e-05
2.26391e-08
4.64602e-05
2.33959e-08
4.64618e-05
2.43304e-08
4.64632e-05
2.45444e-08
4.64647e-05
2.48158e-08
4.64663e-05
2.55639e-08
4.64678e-05
2.60635e-08
4.64693e-05
2.63672e-08
4.64709e-05
2.6914e-08
4.64726e-05
2.75947e-08
4.64742e-05
2.8227e-08
4.64759e-05
2.87292e-08
4.64775e-05
2.91909e-08
4.64792e-05
2.97591e-08
4.6481e-05
3.03223e-08
4.64828e-05
3.08943e-08
4.64847e-05
3.16249e-08
4.64864e-05
3.22718e-08
4.64882e-05
3.26865e-08
4.64902e-05
3.3238e-08
4.64922e-05
3.40455e-08
4.64942e-05
3.47576e-08
4.64961e-05
3.52923e-08
4.64982e-05
3.58908e-08
4.65003e-05
3.65769e-08
4.65024e-05
3.71853e-08
4.65046e-05
3.7689e-08
4.65069e-05
3.81518e-08
4.65092e-05
3.85697e-08
4.65115e-05
3.88979e-08
4.6514e-05
3.91174e-08
4.65165e-05
3.92031e-08
4.65191e-05
3.9124e-08
4.65217e-05
3.88595e-08
4.65244e-05
3.84119e-08
4.65273e-05
3.77389e-08
4.65303e-05
3.67316e-08
4.65332e-05
3.52158e-08
4.65359e-05
3.30446e-08
4.65381e-05
3.01828e-08
4.65396e-05
2.67423e-08
4.65404e-05
2.29829e-08
4.65406e-05
1.9185e-08
4.65402e-05
1.56527e-08
4.65396e-05
1.25399e-08
4.65388e-05
9.97625e-09
4.6538e-05
7.90985e-09
4.65372e-05
6.32538e-09
4.65365e-05
5.09654e-09
4.65359e-05
4.16545e-09
4.65354e-05
3.43944e-09
4.6535e-05
2.86591e-09
4.65347e-05
2.40604e-09
4.65344e-05
2.02862e-09
4.65342e-05
1.70694e-09
4.6534e-05
1.45281e-09
4.65338e-05
1.21104e-09
4.65337e-05
1.03836e-09
4.65336e-05
8.59238e-10
4.65335e-05
7.34148e-10
4.65334e-05
6.11787e-10
4.65334e-05
5.1862e-10
4.65333e-05
4.35063e-10
4.65333e-05
3.77846e-10
4.65332e-05
3.1305e-10
4.65332e-05
2.899e-10
4.65332e-05
2.42565e-10
4.65332e-05
2.35597e-10
4.65332e-05
2.13145e-10
2.10502e-10
5.05323e-05
6.83519e-09
5.05324e-05
6.84951e-09
5.05327e-05
6.97457e-09
5.05332e-05
7.41062e-09
5.05339e-05
8.08773e-09
5.05346e-05
8.83124e-09
5.05352e-05
9.40903e-09
5.05359e-05
9.81923e-09
5.05366e-05
1.01234e-08
5.05376e-05
1.05195e-08
5.05387e-05
1.11687e-08
5.05398e-05
1.1933e-08
5.0541e-05
1.26196e-08
5.05421e-05
1.3121e-08
5.05432e-05
1.34767e-08
5.05444e-05
1.38881e-08
5.05458e-05
1.44686e-08
5.05472e-05
1.51616e-08
5.05485e-05
1.57826e-08
5.05497e-05
1.61705e-08
5.0551e-05
1.64823e-08
5.05523e-05
1.69621e-08
5.05538e-05
1.75952e-08
5.05553e-05
1.82863e-08
5.05567e-05
1.8757e-08
5.05581e-05
1.90291e-08
5.05597e-05
1.94833e-08
5.05612e-05
2.00574e-08
5.05628e-05
2.06151e-08
5.05642e-05
2.10676e-08
5.05656e-05
2.12502e-08
5.05673e-05
2.17092e-08
5.0569e-05
2.2584e-08
5.05706e-05
2.30326e-08
5.05721e-05
2.32267e-08
5.05739e-05
2.38222e-08
5.05755e-05
2.44156e-08
5.05771e-05
2.4758e-08
5.05788e-05
2.52036e-08
5.05806e-05
2.58014e-08
5.05825e-05
2.64154e-08
5.05842e-05
2.69522e-08
5.0586e-05
2.7405e-08
5.05879e-05
2.79246e-08
5.05897e-05
2.84751e-08
5.05916e-05
2.89749e-08
5.05936e-05
2.95957e-08
5.05956e-05
3.0272e-08
5.05976e-05
3.07457e-08
5.05996e-05
3.12003e-08
5.06018e-05
3.18973e-08
5.06039e-05
3.26166e-08
5.06061e-05
3.3147e-08
5.06083e-05
3.36602e-08
5.06106e-05
3.42801e-08
5.06129e-05
3.4878e-08
5.06152e-05
3.53598e-08
5.06176e-05
3.57618e-08
5.06201e-05
3.61055e-08
5.06226e-05
3.63593e-08
5.06252e-05
3.65015e-08
5.06279e-05
3.65181e-08
5.06307e-05
3.63894e-08
5.06334e-05
3.60917e-08
5.06362e-05
3.56093e-08
5.06391e-05
3.48999e-08
5.06419e-05
3.38809e-08
5.06447e-05
3.244e-08
5.06472e-05
3.04859e-08
5.06494e-05
2.80108e-08
5.06511e-05
2.50968e-08
5.06521e-05
2.19317e-08
5.06526e-05
1.87115e-08
5.06526e-05
1.56603e-08
5.06522e-05
1.28996e-08
5.06517e-05
1.05389e-08
5.0651e-05
8.56342e-09
5.06504e-05
6.97539e-09
5.06498e-05
5.6996e-09
5.06492e-05
4.69317e-09
5.06488e-05
3.88983e-09
5.06484e-05
3.2447e-09
5.06481e-05
2.71935e-09
5.06478e-05
2.29044e-09
5.06476e-05
1.92351e-09
5.06474e-05
1.63187e-09
5.06473e-05
1.36324e-09
5.06472e-05
1.16071e-09
5.0647e-05
9.6626e-10
5.0647e-05
8.19224e-10
5.06469e-05
6.85105e-10
5.06468e-05
5.7843e-10
5.06468e-05
4.84883e-10
5.06467e-05
4.17435e-10
5.06467e-05
3.48054e-10
5.06467e-05
3.12464e-10
5.06467e-05
2.66012e-10
5.06466e-05
2.45546e-10
5.06466e-05
2.24282e-10
2.09444e-10
5.50011e-05
6.55287e-09
5.50013e-05
6.64031e-09
5.50015e-05
6.71576e-09
5.5002e-05
6.92639e-09
5.50027e-05
7.4011e-09
5.50035e-05
8.05217e-09
5.50042e-05
8.66077e-09
5.50049e-05
9.10415e-09
5.50056e-05
9.42087e-09
5.50065e-05
9.70558e-09
5.50075e-05
1.01532e-08
5.50086e-05
1.07682e-08
5.50098e-05
1.14153e-08
5.5011e-05
1.1955e-08
5.50121e-05
1.23371e-08
5.50133e-05
1.26851e-08
5.50147e-05
1.31513e-08
5.50161e-05
1.37451e-08
5.50175e-05
1.43713e-08
5.50188e-05
1.48427e-08
5.50201e-05
1.51614e-08
5.50216e-05
1.55417e-08
5.50231e-05
1.60546e-08
5.50247e-05
1.66649e-08
5.50263e-05
1.72104e-08
5.50277e-05
1.75539e-08
5.50293e-05
1.79264e-08
5.50309e-05
1.84393e-08
5.50326e-05
1.89627e-08
5.50342e-05
1.94465e-08
5.50357e-05
1.97365e-08
5.50374e-05
2.00335e-08
5.50393e-05
2.07035e-08
5.5041e-05
2.12974e-08
5.50427e-05
2.15558e-08
5.50445e-05
2.19922e-08
5.50463e-05
2.25902e-08
5.50481e-05
2.30087e-08
5.50499e-05
2.34012e-08
5.50518e-05
2.39117e-08
5.50537e-05
2.44694e-08
5.50557e-05
2.50021e-08
5.50576e-05
2.54604e-08
5.50596e-05
2.59323e-08
5.50616e-05
2.64568e-08
5.50637e-05
2.69375e-08
5.50658e-05
2.74619e-08
5.5068e-05
2.809e-08
5.50701e-05
2.86077e-08
5.50723e-05
2.90155e-08
5.50746e-05
2.95777e-08
5.5077e-05
3.02605e-08
5.50793e-05
3.08304e-08
5.50816e-05
3.13137e-08
5.50841e-05
3.18464e-08
5.50866e-05
3.23779e-08
5.50891e-05
3.28101e-08
5.50917e-05
3.31566e-08
5.50944e-05
3.34518e-08
5.50971e-05
3.36705e-08
5.50998e-05
3.37766e-08
5.51026e-05
3.37521e-08
5.51054e-05
3.35835e-08
5.51082e-05
3.32498e-08
5.51111e-05
3.27302e-08
5.5114e-05
3.19932e-08
5.51169e-05
3.09872e-08
5.51197e-05
2.965e-08
5.51222e-05
2.79299e-08
5.51244e-05
2.58278e-08
5.51261e-05
2.33944e-08
5.51273e-05
2.07545e-08
5.5128e-05
1.80412e-08
5.51282e-05
1.54178e-08
5.51281e-05
1.29841e-08
5.51278e-05
1.08355e-08
5.51274e-05
8.98278e-09
5.51269e-05
7.43921e-09
5.51265e-05
6.16178e-09
5.5126e-05
5.12196e-09
5.51257e-05
4.27108e-09
5.51253e-05
3.57647e-09
5.51251e-05
3.0006e-09
5.51248e-05
2.52897e-09
5.51246e-05
2.12393e-09
5.51244e-05
1.79824e-09
5.51243e-05
1.5055e-09
5.51242e-05
1.27587e-09
5.51241e-05
1.06614e-09
5.5124e-05
8.99786e-10
5.51239e-05
7.5347e-10
5.51239e-05
6.34575e-10
5.51238e-05
5.31469e-10
5.51238e-05
4.53911e-10
5.51238e-05
3.80211e-10
5.51238e-05
3.33079e-10
5.51237e-05
2.86357e-10
5.51237e-05
2.54557e-10
5.51237e-05
2.33236e-10
2.08104e-10
5.98645e-05
6.02736e-09
5.98649e-05
6.23625e-09
5.98653e-05
6.34938e-09
5.98657e-05
6.49251e-09
5.98664e-05
6.77573e-09
5.98672e-05
7.2611e-09
5.9868e-05
7.80023e-09
5.98689e-05
8.25731e-09
5.98697e-05
8.59525e-09
5.98705e-05
8.858e-09
5.98715e-05
9.16911e-09
5.98726e-05
9.63985e-09
5.98739e-05
1.02028e-08
5.98751e-05
1.07367e-08
5.98763e-05
1.1152e-08
5.98775e-05
1.14866e-08
5.98788e-05
1.18637e-08
5.98802e-05
1.23427e-08
5.98816e-05
1.28909e-08
5.98831e-05
1.3387e-08
5.98845e-05
1.37526e-08
5.98859e-05
1.40958e-08
5.98875e-05
1.45179e-08
5.98891e-05
1.50321e-08
5.98908e-05
1.55621e-08
5.98924e-05
1.59538e-08
5.9894e-05
1.62843e-08
5.98957e-05
1.67129e-08
5.98975e-05
1.71861e-08
5.98993e-05
1.76599e-08
5.9901e-05
1.80395e-08
5.99027e-05
1.83194e-08
5.99046e-05
1.87964e-08
5.99065e-05
1.93843e-08
5.99083e-05
1.97419e-08
5.99102e-05
2.00895e-08
5.99122e-05
2.06121e-08
5.99142e-05
2.10704e-08
5.99161e-05
2.14484e-08
5.99181e-05
2.18926e-08
5.99202e-05
2.23901e-08
5.99223e-05
2.2896e-08
5.99244e-05
2.33614e-08
5.99266e-05
2.37958e-08
5.99287e-05
2.42612e-08
5.9931e-05
2.47172e-08
5.99333e-05
2.51737e-08
5.99356e-05
2.57195e-08
5.9938e-05
2.62565e-08
5.99403e-05
2.66845e-08
5.99427e-05
2.71515e-08
5.99453e-05
2.7736e-08
5.99478e-05
2.82853e-08
5.99504e-05
2.87405e-08
5.9953e-05
2.92052e-08
5.99557e-05
2.96934e-08
5.99584e-05
3.01158e-08
5.99611e-05
3.04383e-08
5.99639e-05
3.06804e-08
5.99667e-05
3.08347e-08
5.99696e-05
3.08771e-08
5.99726e-05
3.07972e-08
5.99756e-05
3.05916e-08
5.99786e-05
3.02455e-08
5.99816e-05
2.97376e-08
5.99845e-05
2.90399e-08
5.99874e-05
2.81141e-08
5.99901e-05
2.69209e-08
5.99926e-05
2.54289e-08
5.99948e-05
2.36449e-08
5.99966e-05
2.16062e-08
5.99979e-05
1.94012e-08
5.99989e-05
1.71232e-08
5.99994e-05
1.48897e-08
5.99996e-05
1.27777e-08
5.99996e-05
1.0864e-08
5.99994e-05
9.16863e-09
5.99991e-05
7.71141e-09
5.99988e-05
6.47054e-09
5.99985e-05
5.43247e-09
5.99982e-05
4.56215e-09
5.99979e-05
3.83994e-09
5.99977e-05
3.23117e-09
5.99975e-05
2.72828e-09
5.99973e-05
2.29507e-09
5.99972e-05
1.94155e-09
5.99971e-05
1.62927e-09
5.9997e-05
1.37701e-09
5.99969e-05
1.15351e-09
5.99968e-05
9.71069e-10
5.99968e-05
8.13423e-10
5.99967e-05
6.83808e-10
5.99967e-05
5.72287e-10
5.99966e-05
4.85269e-10
5.99966e-05
4.07692e-10
5.99966e-05
3.50374e-10
5.99966e-05
3.02621e-10
5.99966e-05
2.61508e-10
5.99966e-05
2.39439e-10
2.05674e-10
6.51578e-05
5.353e-09
6.51584e-05
5.63765e-09
6.51589e-05
5.81763e-09
6.51594e-05
5.9693e-09
6.51601e-05
6.16288e-09
6.51608e-05
6.47029e-09
6.51618e-05
6.89264e-09
6.51627e-05
7.32061e-09
6.51636e-05
7.67968e-09
6.51645e-05
7.96617e-09
6.51654e-05
8.23208e-09
6.51665e-05
8.56652e-09
6.51677e-05
8.99809e-09
6.5169e-05
9.45952e-09
6.51703e-05
9.87452e-09
6.51715e-05
1.02195e-08
6.51729e-05
1.05502e-08
6.51743e-05
1.09339e-08
6.51758e-05
1.13853e-08
6.51773e-05
1.18486e-08
6.51788e-05
1.22381e-08
6.51803e-05
1.25696e-08
6.51819e-05
1.2926e-08
6.51836e-05
1.33473e-08
6.51854e-05
1.38113e-08
6.51871e-05
1.42206e-08
6.51888e-05
1.45523e-08
6.51906e-05
1.49177e-08
6.51925e-05
1.53399e-08
6.51944e-05
1.57765e-08
6.51962e-05
1.61685e-08
6.51981e-05
1.64695e-08
6.52e-05
1.68337e-08
6.52021e-05
1.73287e-08
6.52041e-05
1.77401e-08
6.52061e-05
1.80751e-08
6.52082e-05
1.85082e-08
6.52103e-05
1.89564e-08
6.52124e-05
1.93394e-08
6.52146e-05
1.97345e-08
6.52168e-05
2.01648e-08
6.52191e-05
2.06156e-08
6.52214e-05
2.10599e-08
6.52237e-05
2.14724e-08
6.52261e-05
2.18949e-08
6.52285e-05
2.23286e-08
6.52309e-05
2.27438e-08
6.52334e-05
2.31965e-08
6.5236e-05
2.36848e-08
6.52386e-05
2.41166e-08
6.52412e-05
2.45329e-08
6.52439e-05
2.50342e-08
6.52466e-05
2.55624e-08
6.52493e-05
2.60206e-08
6.52521e-05
2.64349e-08
6.5255e-05
2.68416e-08
6.52579e-05
2.7197e-08
6.52609e-05
2.74632e-08
6.52639e-05
2.76519e-08
6.5267e-05
2.77692e-08
6.527e-05
2.77969e-08
6.52731e-05
2.77161e-08
6.52762e-05
2.75161e-08
6.52793e-05
2.71834e-08
6.52823e-05
2.67006e-08
6.52853e-05
2.60488e-08
6.52882e-05
2.52063e-08
6.5291e-05
2.41537e-08
6.52935e-05
2.2876e-08
6.52958e-05
2.13821e-08
6.52977e-05
1.96969e-08
6.52992e-05
1.78792e-08
6.53003e-05
1.5991e-08
6.53011e-05
1.41143e-08
6.53016e-05
1.23074e-08
6.53018e-05
1.06318e-08
6.53019e-05
9.11109e-09
6.53018e-05
7.76962e-09
6.53017e-05
6.59844e-09
6.53015e-05
5.59563e-09
6.53013e-05
4.73626e-09
6.53012e-05
4.01104e-09
6.5301e-05
3.39042e-09
6.53009e-05
2.87124e-09
6.53007e-05
2.42233e-09
6.53006e-05
2.05017e-09
6.53005e-05
1.72475e-09
6.53005e-05
1.4562e-09
6.53004e-05
1.22198e-09
6.53003e-05
1.02763e-09
6.53003e-05
8.60758e-10
6.53003e-05
7.22536e-10
6.53002e-05
6.04403e-10
6.53002e-05
5.09261e-10
6.53002e-05
4.28503e-10
6.53002e-05
3.6288e-10
6.53002e-05
3.13659e-10
6.53001e-05
2.65236e-10
6.53001e-05
2.42274e-10
2.01323e-10
7.09189e-05
4.64237e-09
7.09196e-05
4.913e-09
7.09203e-05
5.13266e-09
7.09209e-05
5.30744e-09
7.09216e-05
5.4795e-09
7.09224e-05
5.69625e-09
7.09233e-05
5.99269e-09
7.09243e-05
6.33924e-09
7.09253e-05
6.66918e-09
7.09263e-05
6.95095e-09
7.09273e-05
7.19859e-09
7.09284e-05
7.46307e-09
7.09296e-05
7.7874e-09
7.09309e-05
8.16487e-09
7.09323e-05
8.54392e-09
7.09336e-05
8.87873e-09
7.0935e-05
9.1805e-09
7.09364e-05
9.4969e-09
7.09379e-05
9.8568e-09
7.09395e-05
1.0247e-08
7.09412e-05
1.06193e-08
7.09428e-05
1.09494e-08
7.09444e-05
1.12692e-08
7.09462e-05
1.1613e-08
7.0948e-05
1.19907e-08
7.09498e-05
1.23725e-08
7.09517e-05
1.2716e-08
7.09535e-05
1.30439e-08
7.09555e-05
1.33911e-08
7.09575e-05
1.37598e-08
7.09595e-05
1.41364e-08
7.09615e-05
1.44686e-08
7.09636e-05
1.47825e-08
7.09658e-05
1.517e-08
7.09679e-05
1.55691e-08
7.09701e-05
1.59066e-08
7.09723e-05
1.62643e-08
7.09746e-05
1.66631e-08
7.09769e-05
1.70398e-08
7.09793e-05
1.74033e-08
7.09816e-05
1.77826e-08
7.09841e-05
1.81792e-08
7.09866e-05
1.85796e-08
7.09891e-05
1.89599e-08
7.09916e-05
1.9336e-08
7.09942e-05
1.97259e-08
7.09969e-05
2.01077e-08
7.09996e-05
2.05024e-08
7.10023e-05
2.09391e-08
7.10051e-05
2.13641e-08
7.10078e-05
2.17517e-08
7.10107e-05
2.21637e-08
7.10137e-05
2.26081e-08
7.10167e-05
2.302e-08
7.10197e-05
2.3386e-08
7.10228e-05
2.37358e-08
7.1026e-05
2.40571e-08
7.10291e-05
2.4311e-08
7.10323e-05
2.44848e-08
7.10355e-05
2.4579e-08
7.10387e-05
2.45838e-08
7.10419e-05
2.44869e-08
7.10452e-05
2.4283e-08
7.10484e-05
2.39668e-08
7.10515e-05
2.3528e-08
7.10546e-05
2.29535e-08
7.10576e-05
2.22278e-08
7.10604e-05
2.13389e-08
7.1063e-05
2.02773e-08
7.10654e-05
1.90503e-08
7.10674e-05
1.76754e-08
7.10691e-05
1.61931e-08
7.10704e-05
1.46457e-08
7.10714e-05
1.30911e-08
7.10722e-05
1.1572e-08
7.10727e-05
1.01364e-08
7.1073e-05
8.80606e-09
7.10731e-05
7.60579e-09
7.10732e-05
6.5338e-09
7.10732e-05
5.59599e-09
7.10732e-05
4.77581e-09
7.10731e-05
4.07144e-09
7.1073e-05
3.46004e-09
7.1073e-05
2.94105e-09
7.10729e-05
2.49004e-09
7.10728e-05
2.11042e-09
7.10728e-05
1.77984e-09
7.10727e-05
1.50275e-09
7.10727e-05
1.26265e-09
7.10727e-05
1.06139e-09
7.10726e-05
8.88895e-10
7.10726e-05
7.44975e-10
7.10726e-05
6.22929e-10
7.10726e-05
5.21847e-10
7.10726e-05
4.39249e-10
7.10726e-05
3.67626e-10
7.10726e-05
3.17371e-10
7.10726e-05
2.63677e-10
7.10726e-05
2.39868e-10
1.93879e-10
7.71892e-05
3.89932e-09
7.719e-05
4.11578e-09
7.71908e-05
4.3276e-09
7.71916e-05
4.51477e-09
7.71924e-05
4.68149e-09
7.71932e-05
4.85595e-09
7.71941e-05
5.06728e-09
7.71951e-05
5.31883e-09
7.71962e-05
5.58855e-09
7.71973e-05
5.84875e-09
7.71984e-05
6.08628e-09
7.71996e-05
6.31426e-09
7.72008e-05
6.56205e-09
7.72021e-05
6.8446e-09
7.72035e-05
7.14779e-09
7.7205e-05
7.44534e-09
7.72064e-05
7.72432e-09
7.72079e-05
7.99547e-09
7.72095e-05
8.28197e-09
7.72111e-05
8.59528e-09
7.72128e-05
8.91713e-09
7.72146e-05
9.22055e-09
7.72163e-05
9.50558e-09
7.72182e-05
9.79418e-09
7.722e-05
1.01081e-08
7.7222e-05
1.04391e-08
7.72239e-05
1.07478e-08
7.7226e-05
1.10338e-08
7.7228e-05
1.13347e-08
7.72301e-05
1.16553e-08
7.72323e-05
1.1981e-08
7.72344e-05
1.229e-08
7.72367e-05
1.25791e-08
7.72389e-05
1.28954e-08
7.72413e-05
1.324e-08
7.72436e-05
1.35605e-08
7.7246e-05
1.38742e-08
7.72484e-05
1.42149e-08
7.72509e-05
1.4556e-08
7.72534e-05
1.48847e-08
7.7256e-05
1.52171e-08
7.72586e-05
1.55577e-08
7.72613e-05
1.59063e-08
7.7264e-05
1.62533e-08
7.72668e-05
1.65947e-08
7.72695e-05
1.69389e-08
7.72724e-05
1.72787e-08
7.72753e-05
1.76156e-08
7.72782e-05
1.79741e-08
7.72812e-05
1.83442e-08
7.72843e-05
1.86976e-08
7.72874e-05
1.90547e-08
7.72906e-05
1.94386e-08
7.72938e-05
1.98177e-08
7.7297e-05
2.01583e-08
7.73003e-05
2.0463e-08
7.73036e-05
2.07315e-08
7.7307e-05
2.09421e-08
7.73104e-05
2.10813e-08
7.73138e-05
2.11495e-08
7.73172e-05
2.11452e-08
7.73207e-05
2.10603e-08
7.73241e-05
2.08875e-08
7.73274e-05
2.06208e-08
7.73307e-05
2.02518e-08
7.73339e-05
1.97715e-08
7.73369e-05
1.91704e-08
7.73398e-05
1.84424e-08
7.73425e-05
1.75828e-08
7.7345e-05
1.65983e-08
7.73471e-05
1.55013e-08
7.7349e-05
1.43191e-08
7.73506e-05
1.30792e-08
7.73519e-05
1.18213e-08
7.73528e-05
1.05754e-08
7.73536e-05
9.37811e-09
7.73542e-05
8.24762e-09
7.73546e-05
7.20721e-09
7.73548e-05
6.25906e-09
7.7355e-05
5.41321e-09
7.73551e-05
4.65976e-09
7.73552e-05
4.00137e-09
7.73552e-05
3.42199e-09
7.73553e-05
2.92258e-09
7.73553e-05
2.48543e-09
7.73553e-05
2.11217e-09
7.73553e-05
1.78664e-09
7.73553e-05
1.51039e-09
7.73552e-05
1.27102e-09
7.73552e-05
1.06873e-09
7.73552e-05
8.95237e-10
7.73552e-05
7.49232e-10
7.73552e-05
6.26254e-10
7.73552e-05
5.22056e-10
7.73552e-05
4.3896e-10
7.73552e-05
3.63996e-10
7.73552e-05
3.13118e-10
7.73552e-05
2.56497e-10
7.73552e-05
2.32474e-10
1.82808e-10
8.40137e-05
3.13394e-09
8.40146e-05
3.2891e-09
8.40154e-05
3.45489e-09
8.40163e-05
3.61673e-09
8.40173e-05
3.7683e-09
8.40182e-05
3.91598e-09
8.40192e-05
4.07415e-09
8.40203e-05
4.25386e-09
8.40214e-05
4.45355e-09
8.40226e-05
4.661e-09
8.40238e-05
4.86249e-09
8.40251e-05
5.05607e-09
8.40264e-05
5.2529e-09
8.40277e-05
5.46508e-09
8.40292e-05
5.69637e-09
8.40307e-05
5.93723e-09
8.40323e-05
6.17281e-09
8.40339e-05
6.40054e-09
8.40355e-05
6.63058e-09
8.40372e-05
6.87336e-09
8.4039e-05
7.12906e-09
8.40409e-05
7.3852e-09
8.40427e-05
7.63251e-09
8.40446e-05
7.87599e-09
8.40466e-05
8.12515e-09
8.40487e-05
8.38417e-09
8.40508e-05
8.64682e-09
8.40529e-05
8.90414e-09
8.40551e-05
9.15667e-09
8.40573e-05
9.41226e-09
8.40596e-05
9.68005e-09
8.4062e-05
9.95284e-09
8.40643e-05
1.02125e-08
8.40668e-05
1.04725e-08
8.40692e-05
1.07526e-08
8.40718e-05
1.10335e-08
8.40743e-05
1.13058e-08
8.4077e-05
1.15883e-08
8.40796e-05
1.18798e-08
8.40824e-05
1.21681e-08
8.40851e-05
1.24546e-08
8.40879e-05
1.27431e-08
8.40908e-05
1.30359e-08
8.40937e-05
1.33293e-08
8.40967e-05
1.36176e-08
8.40997e-05
1.39063e-08
8.41028e-05
1.41986e-08
8.41059e-05
1.44916e-08
8.41091e-05
1.47953e-08
8.41124e-05
1.51149e-08
8.41156e-05
1.54334e-08
8.41189e-05
1.57446e-08
8.41223e-05
1.60605e-08
8.41258e-05
1.63745e-08
8.41292e-05
1.66641e-08
8.41328e-05
1.69209e-08
8.41364e-05
1.7146e-08
8.414e-05
1.73293e-08
8.41436e-05
1.74581e-08
8.41472e-05
1.75265e-08
8.41508e-05
1.75324e-08
8.41544e-05
1.74709e-08
8.4158e-05
1.73369e-08
8.41615e-05
1.71273e-08
8.41649e-05
1.68375e-08
8.41682e-05
1.64629e-08
8.41714e-05
1.59986e-08
8.41744e-05
1.54395e-08
8.41772e-05
1.47813e-08
8.41797e-05
1.4028e-08
8.41821e-05
1.31876e-08
8.41841e-05
1.2278e-08
8.41859e-05
1.13169e-08
8.41874e-05
1.03313e-08
8.41886e-05
9.34175e-09
8.41896e-05
8.37578e-09
8.41904e-05
7.44759e-09
8.4191e-05
6.57753e-09
8.41915e-05
5.76951e-09
8.41919e-05
5.03521e-09
8.41922e-05
4.36963e-09
8.41924e-05
3.7781e-09
8.41926e-05
3.25042e-09
8.41927e-05
2.7888e-09
8.41928e-05
2.3813e-09
8.41929e-05
2.02894e-09
8.4193e-05
1.72038e-09
8.4193e-05
1.45595e-09
8.41931e-05
1.22637e-09
8.41931e-05
1.03099e-09
8.41931e-05
8.63408e-10
8.41932e-05
7.21152e-10
8.41932e-05
6.02119e-10
8.41932e-05
4.99474e-10
8.41932e-05
4.18983e-10
8.41932e-05
3.44565e-10
8.41933e-05
2.95116e-10
8.41933e-05
2.38555e-10
8.41933e-05
2.1485e-10
1.6548e-10
9.14413e-05
2.28974e-09
9.14422e-05
2.39363e-09
9.14431e-05
2.50895e-09
9.14441e-05
2.62949e-09
9.14451e-05
2.74956e-09
9.14462e-05
2.86757e-09
9.14473e-05
2.98701e-09
9.14484e-05
3.11389e-09
9.14496e-05
3.25191e-09
9.14509e-05
3.39931e-09
9.14522e-05
3.55057e-09
9.14535e-05
3.70122e-09
9.14549e-05
3.8516e-09
9.14564e-05
4.00692e-09
9.14579e-05
4.17188e-09
9.14595e-05
4.34566e-09
9.14612e-05
4.52333e-09
9.14629e-05
4.70056e-09
9.14646e-05
4.8775e-09
9.14664e-05
5.05864e-09
9.14683e-05
5.24735e-09
9.14702e-05
5.44095e-09
9.14722e-05
5.63424e-09
9.14743e-05
5.8253e-09
9.14764e-05
6.01741e-09
9.14786e-05
6.21625e-09
9.14808e-05
6.42046e-09
9.14831e-05
6.62239e-09
9.14854e-05
6.82264e-09
9.14878e-05
7.02718e-09
9.14902e-05
7.23662e-09
9.14927e-05
7.44924e-09
9.14953e-05
7.66164e-09
9.14979e-05
7.87345e-09
9.15006e-05
8.09177e-09
9.15033e-05
8.31653e-09
9.1506e-05
8.54067e-09
9.15089e-05
8.76619e-09
9.15117e-05
8.99721e-09
9.15147e-05
9.23078e-09
9.15177e-05
9.46387e-09
9.15207e-05
9.6969e-09
9.15238e-05
9.93238e-09
9.1527e-05
1.01708e-08
9.15302e-05
1.04088e-08
9.15334e-05
1.06471e-08
9.15368e-05
1.08885e-08
9.15401e-05
1.1131e-08
9.15435e-05
1.13764e-08
9.1547e-05
1.16305e-08
9.15506e-05
1.18895e-08
9.15542e-05
1.21457e-08
9.15578e-05
1.2401e-08
9.15615e-05
1.26547e-08
9.15653e-05
1.28952e-08
9.15691e-05
1.31112e-08
9.1573e-05
1.3299e-08
9.15768e-05
1.34535e-08
9.15807e-05
1.35676e-08
9.15846e-05
1.36363e-08
9.15885e-05
1.3658e-08
9.15923e-05
1.36305e-08
9.15961e-05
1.3551e-08
9.15998e-05
1.3417e-08
9.16035e-05
1.32256e-08
9.16069e-05
1.29743e-08
9.16103e-05
1.26591e-08
9.16134e-05
1.2273e-08
9.16164e-05
1.18119e-08
9.16192e-05
1.12791e-08
9.16217e-05
1.06803e-08
9.16239e-05
1.00264e-08
9.16259e-05
9.32819e-09
9.16276e-05
8.60301e-09
9.16291e-05
7.86415e-09
9.16304e-05
7.13084e-09
9.16314e-05
6.41342e-09
9.16322e-05
5.72809e-09
9.16329e-05
5.07924e-09
9.16335e-05
4.47798e-09
9.16339e-05
3.92289e-09
9.16343e-05
3.42027e-09
9.16346e-05
2.96481e-09
9.16348e-05
2.55961e-09
9.1635e-05
2.19766e-09
9.16351e-05
1.88017e-09
9.16353e-05
1.5999e-09
9.16354e-05
1.35696e-09
9.16354e-05
1.14494e-09
9.16355e-05
9.62878e-10
9.16356e-05
8.06359e-10
9.16356e-05
6.72263e-10
9.16357e-05
5.60261e-10
9.16357e-05
4.62573e-10
9.16357e-05
3.8634e-10
9.16358e-05
3.15298e-10
9.16358e-05
2.68153e-10
9.16358e-05
2.14122e-10
9.16358e-05
1.91392e-10
1.43694e-10
9.95258e-05
9.95268e-05
9.95278e-05
9.95289e-05
9.953e-05
9.95312e-05
9.95324e-05
9.95337e-05
9.9535e-05
9.95363e-05
9.95377e-05
9.95392e-05
9.95407e-05
9.95423e-05
9.95439e-05
9.95456e-05
9.95474e-05
9.95492e-05
9.95511e-05
9.9553e-05
9.9555e-05
9.95571e-05
9.95592e-05
9.95614e-05
9.95637e-05
9.9566e-05
9.95683e-05
9.95708e-05
9.95733e-05
9.95758e-05
9.95784e-05
9.95811e-05
9.95838e-05
9.95866e-05
9.95895e-05
9.95924e-05
9.95954e-05
9.95984e-05
9.96015e-05
9.96047e-05
9.96079e-05
9.96112e-05
9.96145e-05
9.96179e-05
9.96213e-05
9.96249e-05
9.96284e-05
9.96321e-05
9.96358e-05
9.96395e-05
9.96433e-05
9.96472e-05
9.96511e-05
9.9655e-05
9.96591e-05
9.96631e-05
9.96672e-05
9.96714e-05
9.96755e-05
9.96796e-05
9.96837e-05
9.96877e-05
9.96917e-05
9.96955e-05
9.96993e-05
9.97029e-05
9.97064e-05
9.97097e-05
9.97128e-05
9.97156e-05
9.97183e-05
9.97207e-05
9.97228e-05
9.97248e-05
9.97265e-05
9.97279e-05
9.97292e-05
9.97303e-05
9.97313e-05
9.9732e-05
9.97327e-05
9.97333e-05
9.97338e-05
9.97342e-05
9.97345e-05
9.97348e-05
9.9735e-05
9.97353e-05
9.97354e-05
9.97356e-05
9.97357e-05
9.97358e-05
9.97359e-05
9.9736e-05
9.97361e-05
9.97361e-05
9.97362e-05
9.97362e-05
9.97362e-05
)
;

boundaryField
{
    zeroGradientPlanes
    {
        type            calculated;
        value           nonuniform List<scalar> 
160
(
3.62894e-11
3.38385e-09
-6.93736e-10
-1.14657e-09
-1.37286e-09
8.67581e-10
1.48436e-09
8.22706e-10
5.30746e-10
-8.00146e-11
-1.35895e-09
-1.71339e-09
-1.70372e-09
-1.79787e-09
-3.05742e-09
-4.03305e-09
-5.11055e-09
-5.94316e-09
-6.30966e-09
-6.18179e-09
1.72404e-05
2.16129e-05
2.36277e-05
2.57186e-05
2.79921e-05
3.04665e-05
3.31597e-05
3.6091e-05
3.92814e-05
4.27538e-05
4.65332e-05
5.06466e-05
5.51237e-05
5.99966e-05
6.53001e-05
7.10726e-05
7.73553e-05
8.41933e-05
9.16359e-05
9.97363e-05
1.98511e-10
6.00061e-10
8.86131e-10
1.09192e-09
1.27165e-09
1.44169e-09
1.58399e-09
1.68612e-09
1.75569e-09
1.80023e-09
1.81882e-09
1.80816e-09
1.77256e-09
1.72164e-09
1.66352e-09
1.60147e-09
1.53477e-09
1.46279e-09
1.38621e-09
1.30969e-09
1.35713e-09
1.41715e-09
1.4832e-09
1.55477e-09
1.62975e-09
1.7062e-09
1.78364e-09
1.86365e-09
1.94838e-09
2.03874e-09
2.13388e-09
2.23161e-09
2.33069e-09
2.43192e-09
2.537e-09
2.64746e-09
2.7628e-09
2.88067e-09
2.99976e-09
3.12073e-09
3.24522e-09
3.37418e-09
3.50609e-09
3.63882e-09
3.77226e-09
3.90769e-09
4.04621e-09
4.18838e-09
4.33296e-09
4.47691e-09
4.62183e-09
4.77363e-09
4.92957e-09
5.08294e-09
5.23869e-09
5.40163e-09
5.56577e-09
5.73044e-09
5.90116e-09
6.07514e-09
6.2475e-09
6.42074e-09
6.59762e-09
6.77566e-09
6.95233e-09
7.13002e-09
7.31236e-09
7.49863e-09
7.68797e-09
7.88351e-09
8.08553e-09
8.28836e-09
8.4881e-09
8.68384e-09
8.87162e-09
9.0449e-09
9.19997e-09
9.33447e-09
9.44525e-09
9.52816e-09
9.58086e-09
9.60115e-09
9.58716e-09
9.53825e-09
9.45608e-09
9.34302e-09
9.19448e-09
8.99268e-09
8.73139e-09
8.41282e-09
8.04069e-09
7.622e-09
7.16316e-09
6.67517e-09
6.16643e-09
5.65027e-09
5.13417e-09
4.63059e-09
4.14394e-09
3.68388e-09
3.25132e-09
2.85267e-09
2.48608e-09
2.15518e-09
1.85642e-09
1.59144e-09
1.35588e-09
1.15011e-09
9.69805e-10
8.14145e-10
6.80081e-10
5.64638e-10
4.6804e-10
3.83346e-10
3.17063e-10
2.55964e-10
2.15369e-10
1.69873e-10
1.50447e-10
1.11165e-10
)
;
    }
    inlet
    {
        type            calculated;
        value           nonuniform List<scalar> 
20
(
-1.99006e-05
-2.16598e-05
-2.35745e-05
-2.56584e-05
-2.79266e-05
-3.03953e-05
-3.30822e-05
-3.60066e-05
-3.91895e-05
-4.26538e-05
-4.64243e-05
-5.05282e-05
-5.49948e-05
-5.98562e-05
-6.51474e-05
-7.09063e-05
-7.71743e-05
-8.39964e-05
-9.14216e-05
-9.95031e-05
)
;
    }
    plate
    {
        type            calculated;
        value           uniform 0;
    }
    frontAndBack
    {
        type            empty;
        value           nonuniform List<scalar> 0();
    }
}


// ************************************************************************* //
