/*--------------------------------*- C++ -*----------------------------------*\
| =========                 |                                                 |
| \\      /  F ield         | OpenFOAM: The Open Source CFD Toolbox           |
|  \\    /   O peration     | Version:  v2012                                 |
|   \\  /    A nd           | Website:  www.openfoam.com                      |
|    \\/     M anipulation  |                                                 |
\*---------------------------------------------------------------------------*/
FoamFile
{
    version     2.0;
    format      ascii;
    class       volVectorField;
    location    "0.3";
    object      U;
}
// * * * * * * * * * * * * * * * * * * * * * * * * * * * * * * * * * * * * * //

dimensions      [0 1 -1 0 0 0 0];


internalField   nonuniform List<vector> 
2400
(
(0.997593 -8.26567e-07 0)
(1.00221 -3.81594e-05 0)
(0.997928 1.04286e-05 0)
(1.00184 1.66235e-05 0)
(0.998195 2.00014e-05 0)
(1.0015 -1.22508e-05 0)
(0.998381 -2.46647e-05 0)
(1.0012 -1.62706e-05 0)
(0.998596 -1.2309e-05 0)
(1.00093 -1.35121e-06 0)
(0.998662 2.4819e-05 0)
(1.00068 3.83475e-05 0)
(0.998832 5.4239e-05 0)
(1.00055 6.76764e-05 0)
(0.998964 0.000124156 0)
(1.00045 0.0001761 0)
(0.99916 0.000238236 0)
(1.00049 0.000293775 0)
(0.99946 0.000330814 0)
(1.00052 0.000350224 0)
(0.999946 -3.79568e-06 0)
(1.00003 -3.86766e-05 0)
(0.99994 7.91592e-07 0)
(0.999994 2.19238e-05 0)
(0.999921 3.27265e-05 0)
(0.999933 5.67055e-07 0)
(0.999838 -1.3179e-05 0)
(0.999836 -1.06318e-05 0)
(0.999786 -9.50072e-06 0)
(0.999749 4.16309e-06 0)
(0.999681 4.33021e-05 0)
(0.999705 7.93972e-05 0)
(0.999751 0.000139718 0)
(0.999827 0.000208012 0)
(0.999874 0.000319119 0)
(0.999939 0.000410149 0)
(1.00001 0.000485631 0)
(1.0001 0.000534285 0)
(1.00017 0.000551807 0)
(1.00016 0.000547664 0)
(1 -1.06729e-05 0)
(0.999991 6.75841e-06 0)
(0.999982 -1.90499e-05 0)
(0.999973 3.97507e-06 0)
(0.999953 2.82971e-05 0)
(0.999914 2.07176e-05 0)
(0.999857 4.00021e-07 0)
(0.999821 4.97661e-06 0)
(0.9998 1.13045e-05 0)
(0.99975 4.1584e-05 0)
(0.999711 9.69411e-05 0)
(0.999743 0.000164614 0)
(0.999824 0.000245749 0)
(0.999904 0.000329031 0)
(0.999954 0.00039767 0)
(0.999987 0.00044238 0)
(1.00003 0.000446211 0)
(1.00009 0.000426027 0)
(1.00014 0.000396574 0)
(1.00013 0.000369429 0)
(1 -7.80592e-06 0)
(0.999988 6.89107e-06 0)
(0.999976 -7.8754e-06 0)
(0.999979 -1.21405e-05 0)
(0.999955 1.98012e-05 0)
(0.999905 3.31632e-05 0)
(0.999854 2.14403e-05 0)
(0.999828 3.14657e-05 0)
(0.999815 4.36306e-05 0)
(0.999782 8.56025e-05 0)
(0.999756 0.000156479 0)
(0.999789 0.000226376 0)
(0.999865 0.000288931 0)
(0.999934 0.000342309 0)
(0.999969 0.000381431 0)
(0.999983 0.000405297 0)
(1.00001 0.000407877 0)
(1.00006 0.000401014 0)
(1.00012 0.000393033 0)
(1.00013 0.000389638 0)
(1 -1.56427e-06 0)
(0.999988 -3.11922e-06 0)
(0.999972 1.74873e-05 0)
(0.999979 -4.06805e-06 0)
(0.999967 -4.24684e-06 0)
(0.999913 3.33077e-05 0)
(0.999855 5.62127e-05 0)
(0.999829 7.10264e-05 0)
(0.999825 8.43488e-05 0)
(0.999809 0.000118514 0)
(0.999791 0.000180967 0)
(0.999824 0.000243939 0)
(0.999902 0.000299962 0)
(0.999972 0.000348224 0)
(1 0.000387658 0)
(1.00001 0.000414559 0)
(1.00002 0.000424763 0)
(1.00007 0.000420152 0)
(1.00012 0.000405226 0)
(1.00013 0.000391836 0)
(1 3.86913e-07 0)
(0.999993 -3.5275e-06 0)
(0.999974 1.91656e-05 0)
(0.999968 1.812e-05 0)
(0.999969 -3.10357e-06 0)
(0.999929 1.71782e-05 0)
(0.99987 6.33002e-05 0)
(0.99984 0.000104465 0)
(0.99984 0.000130074 0)
(0.999838 0.000156133 0)
(0.999835 0.000204141 0)
(0.999869 0.000263967 0)
(0.99994 0.00031633 0)
(1 0.000360911 0)
(1.00002 0.000394872 0)
(1.00001 0.000413868 0)
(1.00001 0.000413245 0)
(1.00003 0.000397398 0)
(1.00008 0.000374816 0)
(1.0001 0.000358249 0)
(1 7.68817e-07 0)
(0.999994 2.98011e-06 0)
(0.999978 9.8482e-06 0)
(0.999969 2.99807e-05 0)
(0.999967 2.70323e-05 0)
(0.999945 2.26213e-05 0)
(0.9999 6.00478e-05 0)
(0.999865 0.000121939 0)
(0.999855 0.000170059 0)
(0.999855 0.00019893 0)
(0.999864 0.000227124 0)
(0.999907 0.00026387 0)
(0.999979 0.000304225 0)
(1.00004 0.000344194 0)
(1.00005 0.000377431 0)
(1.00002 0.000395597 0)
(0.999996 0.000394535 0)
(1.00001 0.00037982 0)
(1.00006 0.000362192 0)
(1.0001 0.000352869 0)
(1 2.11439e-07 0)
(0.999995 9.75798e-06 0)
(0.999982 1.44871e-05 0)
(0.999974 2.94044e-05 0)
(0.999964 4.66505e-05 0)
(0.999946 4.90687e-05 0)
(0.999926 6.17632e-05 0)
(0.999907 0.000115058 0)
(0.999891 0.000182178 0)
(0.999879 0.000231281 0)
(0.999885 0.000258219 0)
(0.999934 0.00027389 0)
(1.00001 0.000292144 0)
(1.00007 0.000319374 0)
(1.00008 0.000349302 0)
(1.00003 0.000373726 0)
(0.999982 0.000383847 0)
(0.999984 0.000376757 0)
(1.00003 0.000361192 0)
(1.00009 0.000350322 0)
(1 1.21768e-06 0)
(0.999995 1.23418e-05 0)
(0.999982 2.22151e-05 0)
(0.99998 2.90747e-05 0)
(0.999974 5.15419e-05 0)
(0.999951 7.72676e-05 0)
(0.999938 8.87336e-05 0)
(0.999942 0.000113867 0)
(0.999936 0.000171245 0)
(0.999913 0.000233918 0)
(0.999899 0.000275789 0)
(0.999938 0.000287674 0)
(1.00002 0.000284907 0)
(1.0001 0.000290683 0)
(1.00012 0.000314089 0)
(1.00007 0.00034643 0)
(1 0.000372043 0)
(0.999977 0.000379954 0)
(1.00002 0.000369672 0)
(1.00008 0.000356282 0)
(0.999999 3.65821e-06 0)
(0.999997 1.23632e-05 0)
(0.999983 3.07497e-05 0)
(0.999982 3.74265e-05 0)
(0.999984 5.17503e-05 0)
(0.999962 8.59869e-05 0)
(0.999944 0.000113683 0)
(0.999961 0.000127057 0)
(0.99998 0.000158886 0)
(0.999964 0.000215139 0)
(0.999932 0.000271623 0)
(0.999941 0.000300015 0)
(1.00002 0.000295797 0)
(1.00011 0.000284568 0)
(1.00015 0.000289166 0)
(1.00011 0.000314816 0)
(1.00003 0.000346519 0)
(0.999979 0.000368114 0)
(0.999992 0.000368993 0)
(1.00005 0.000358539 0)
(0.999999 6.80335e-06 0)
(0.999999 1.32539e-05 0)
(0.999985 3.3599e-05 0)
(0.999982 4.82615e-05 0)
(0.999994 5.66448e-05 0)
(0.999982 8.5552e-05 0)
(0.999957 0.000125541 0)
(0.999968 0.000146891 0)
(1 0.000160269 0)
(1.00001 0.000193884 0)
(0.999977 0.000245461 0)
(0.999958 0.000288955 0)
(1 0.000299874 0)
(1.00009 0.00028706 0)
(1.00016 0.000275337 0)
(1.00015 0.000284664 0)
(1.00009 0.000312503 0)
(1.00002 0.00034402 0)
(0.999996 0.000360861 0)
(1.00003 0.000362005 0)
(0.999998 8.2039e-06 0)
(1 1.66944e-05 0)
(0.999992 3.49836e-05 0)
(0.999985 5.66162e-05 0)
(0.999997 6.56562e-05 0)
(0.999998 8.39774e-05 0)
(0.999978 0.000122364 0)
(0.999977 0.00015492 0)
(1.00001 0.000168464 0)
(1.00004 0.000183732 0)
(1.00002 0.00021868 0)
(0.999996 0.000262893 0)
(1 0.000290023 0)
(1.00007 0.000289469 0)
(1.00014 0.000275266 0)
(1.00017 0.000270607 0)
(1.00014 0.000284318 0)
(1.00007 0.000312289 0)
(1.00003 0.000337459 0)
(1.00003 0.000350048 0)
(0.999999 8.70393e-06 0)
(1 2.14645e-05 0)
(0.999998 3.55467e-05 0)
(0.99999 5.82166e-05 0)
(1 7.33791e-05 0)
(1.00001 8.65383e-05 0)
(1 0.00011603 0)
(0.999994 0.000151101 0)
(1.00001 0.000171411 0)
(1.00005 0.000181357 0)
(1.00006 0.000198848 0)
(1.00004 0.000232082 0)
(1.00003 0.000263025 0)
(1.00006 0.000276991 0)
(1.00012 0.000271923 0)
(1.00016 0.000263766 0)
(1.00016 0.000266186 0)
(1.00012 0.000282968 0)
(1.00008 0.000307138 0)
(1.00006 0.000326107 0)
(0.999999 8.63599e-06 0)
(1 2.44906e-05 0)
(1 3.7119e-05 0)
(0.999999 5.78415e-05 0)
(1.00001 7.67719e-05 0)
(1.00002 8.92114e-05 0)
(1.00002 0.00010932 0)
(1.00001 0.000139392 0)
(1.00002 0.000164116 0)
(1.00005 0.000177007 0)
(1.00007 0.000187291 0)
(1.00007 0.000207234 0)
(1.00006 0.000233863 0)
(1.00007 0.00025361 0)
(1.0001 0.000259831 0)
(1.00015 0.000256353 0)
(1.00017 0.000254746 0)
(1.00015 0.000262102 0)
(1.00012 0.000278258 0)
(1.0001 0.000296048 0)
(1 8.32252e-06 0)
(1 2.59551e-05 0)
(1.00001 3.85892e-05 0)
(1.00001 5.53119e-05 0)
(1.00001 7.42078e-05 0)
(1.00002 8.85705e-05 0)
(1.00003 0.000104184 0)
(1.00003 0.000127253 0)
(1.00004 0.000150599 0)
(1.00006 0.000166386 0)
(1.00008 0.000176023 0)
(1.00009 0.000188056 0)
(1.00009 0.00020622 0)
(1.00009 0.000224816 0)
(1.00011 0.000236395 0)
(1.00014 0.000239849 0)
(1.00016 0.000240197 0)
(1.00017 0.000243498 0)
(1.00016 0.000252814 0)
(1.00014 0.000265822 0)
(1 7.98253e-06 0)
(1 2.53575e-05 0)
(1.00001 3.8113e-05 0)
(1.00001 5.1956e-05 0)
(1.00002 6.89146e-05 0)
(1.00003 8.38737e-05 0)
(1.00004 9.72993e-05 0)
(1.00005 0.000114343 0)
(1.00005 0.000133488 0)
(1.00007 0.000149591 0)
(1.00009 0.000160494 0)
(1.0001 0.000170017 0)
(1.0001 0.000182218 0)
(1.00011 0.000196507 0)
(1.00012 0.000208773 0)
(1.00014 0.000216003 0)
(1.00016 0.000219604 0)
(1.00017 0.000222572 0)
(1.00017 0.000228215 0)
(1.00017 0.000236651 0)
(1 7.39079e-06 0)
(1 2.32301e-05 0)
(1.00001 3.56045e-05 0)
(1.00002 4.71635e-05 0)
(1.00002 6.09053e-05 0)
(1.00003 7.46016e-05 0)
(1.00005 8.68429e-05 0)
(1.00006 0.000100182 0)
(1.00007 0.000115268 0)
(1.00008 0.000129414 0)
(1.00009 0.000140361 0)
(1.00011 0.000148945 0)
(1.00012 0.000157981 0)
(1.00012 0.000168215 0)
(1.00013 0.000178475 0)
(1.00015 0.000186431 0)
(1.00016 0.000191742 0)
(1.00018 0.000195599 0)
(1.00018 0.000199845 0)
(1.00019 0.000205473 0)
(1 6.52716e-06 0)
(1 1.99482e-05 0)
(1.00001 3.08073e-05 0)
(1.00002 4.02604e-05 0)
(1.00003 5.08535e-05 0)
(1.00004 6.21535e-05 0)
(1.00005 7.26214e-05 0)
(1.00006 8.28899e-05 0)
(1.00007 9.39981e-05 0)
(1.00009 0.000104988 0)
(1.0001 0.00011443 0)
(1.00011 0.000121994 0)
(1.00013 0.000128912 0)
(1.00014 0.000136174 0)
(1.00014 0.000143701 0)
(1.00016 0.000150479 0)
(1.00017 0.000155759 0)
(1.00018 0.000159711 0)
(1.00019 0.000163182 0)
(1.0002 0.000167026 0)
(1 5.47964e-06 0)
(1 1.65179e-05 0)
(1.00001 2.57184e-05 0)
(1.00002 3.37748e-05 0)
(1.00003 4.23386e-05 0)
(1.00004 5.1702e-05 0)
(1.00006 6.09046e-05 0)
(1.00007 6.97248e-05 0)
(1.00008 7.86298e-05 0)
(1.00009 8.75302e-05 0)
(1.00011 9.57735e-05 0)
(1.00012 0.000102824 0)
(1.00013 0.000108991 0)
(1.00014 0.000114886 0)
(1.00015 0.000120779 0)
(1.00016 0.000126396 0)
(1.00017 0.000131309 0)
(1.00019 0.000135396 0)
(1.0002 0.000138888 0)
(1.00021 0.000142221 0)
(1 2.47168e-06 0)
(1 7.48542e-06 0)
(1.00001 1.17629e-05 0)
(1.00002 1.56148e-05 0)
(1.00003 1.96686e-05 0)
(1.00005 2.41405e-05 0)
(1.00006 2.87271e-05 0)
(1.00007 3.31625e-05 0)
(1.00009 3.74987e-05 0)
(1.0001 4.1766e-05 0)
(1.00011 4.58108e-05 0)
(1.00013 4.94356e-05 0)
(1.00014 5.26496e-05 0)
(1.00015 5.56209e-05 0)
(1.00016 5.84844e-05 0)
(1.00017 6.12422e-05 0)
(1.00019 6.37913e-05 0)
(1.0002 6.60621e-05 0)
(1.00021 6.80616e-05 0)
(1.00022 6.9892e-05 0)
(0.999342 0.000379378 0)
(0.998044 0.000441317 0)
(0.996765 0.000524814 0)
(0.995613 0.000604855 0)
(0.994606 0.00066359 0)
(0.993684 0.00070356 0)
(0.992777 0.000739745 0)
(0.991846 0.000768381 0)
(0.990862 0.00078112 0)
(0.989819 0.000784269 0)
(0.988711 0.000788455 0)
(0.987551 0.000800863 0)
(0.986369 0.000820923 0)
(0.98514 0.000839578 0)
(0.983825 0.00085364 0)
(0.982444 0.000866745 0)
(0.981054 0.000875402 0)
(0.979696 0.000875167 0)
(0.978339 0.000865261 0)
(0.976948 0.000846308 0)
(0.975544 0.000824017 0)
(0.974155 0.000800393 0)
(0.972806 0.000773074 0)
(0.971504 0.000750506 0)
(0.970175 0.000738671 0)
(0.968791 0.000732589 0)
(0.967399 0.000736186 0)
(0.966009 0.000752977 0)
(0.964578 0.000775914 0)
(0.963045 0.000805545 0)
(0.961401 0.000838794 0)
(0.959733 0.00086088 0)
(0.958054 0.000870628 0)
(0.956282 0.000871514 0)
(0.954463 0.000857468 0)
(0.952692 0.000835682 0)
(0.950935 0.000819521 0)
(0.949152 0.000809015 0)
(0.947365 0.00081223 0)
(0.945541 0.00083888 0)
(0.943616 0.000864298 0)
(0.941611 0.0008595 0)
(0.939601 0.00083908 0)
(0.937606 0.0008291 0)
(0.935595 0.000825233 0)
(0.933559 0.000820049 0)
(0.931505 0.00082396 0)
(0.929395 0.000834536 0)
(0.927215 0.000831764 0)
(0.925016 0.000818794 0)
(0.922826 0.000819314 0)
(0.920582 0.000831698 0)
(0.918259 0.000829654 0)
(0.915918 0.000813511 0)
(0.913594 0.000811147 0)
(0.911211 0.000828583 0)
(0.908727 0.000835034 0)
(0.906196 0.000815319 0)
(0.903719 0.000795339 0)
(0.901241 0.000806075 0)
(0.898662 0.000834069 0)
(0.895918 0.000839781 0)
(0.89316 0.000806287 0)
(0.890487 0.000766444 0)
(0.887946 0.000762634 0)
(0.885306 0.000804217 0)
(0.882466 0.000856257 0)
(0.879323 0.000869534 0)
(0.876176 0.000815054 0)
(0.873202 0.000697622 0)
(0.870803 0.000548928 0)
(0.868938 0.000400203 0)
(0.867767 0.000278375 0)
(0.866978 0.000186103 0)
(0.866639 0.000118679 0)
(0.866393 7.15142e-05 0)
(0.866378 4.21421e-05 0)
(0.866299 2.42465e-05 0)
(0.866356 1.2871e-05 0)
(0.866308 7.06782e-06 0)
(0.866365 2.85762e-06 0)
(0.86632 1.50568e-06 0)
(0.866373 3.64155e-07 0)
(0.866322 -1.25318e-07 0)
(0.866378 1.00621e-07 0)
(0.866319 -4.16122e-07 0)
(0.866382 3.98391e-08 0)
(0.866316 -1.41609e-07 0)
(0.866382 -1.98161e-07 0)
(0.866316 1.70762e-07 0)
(0.86638 -2.80281e-07 0)
(0.866314 1.87423e-07 0)
(0.866381 -8.91638e-08 0)
(0.866307 5.48817e-08 0)
(0.866382 9.91637e-08 0)
(0.866297 2.90201e-07 0)
(0.866374 -3.41429e-07 0)
(0.866285 1.34284e-06 0)
(0.866344 -8.10771e-07 0)
(0.866243 2.44721e-06 0)
(1.00003 0.000565344 0)
(0.99978 0.000639902 0)
(0.999523 0.00075544 0)
(0.999359 0.000876354 0)
(0.999338 0.000972368 0)
(0.999434 0.00103952 0)
(0.999572 0.0010935 0)
(0.999699 0.00113413 0)
(0.999796 0.00114561 0)
(0.999878 0.00112906 0)
(0.999947 0.0011096 0)
(1 0.00110718 0)
(1.00006 0.00111935 0)
(1.00011 0.00113352 0)
(1.00011 0.00114415 0)
(1.00007 0.00115772 0)
(1.00005 0.00117416 0)
(1.00007 0.00118142 0)
(1.00011 0.00117466 0)
(1.00012 0.00115776 0)
(1.00011 0.00113565 0)
(1.00009 0.00111111 0)
(1.0001 0.00108344 0)
(1.00014 0.00105919 0)
(1.00013 0.00104713 0)
(1.00007 0.00104352 0)
(1.00001 0.00104602 0)
(0.999991 0.00105895 0)
(0.999987 0.00108097 0)
(0.999948 0.00111083 0)
(0.999878 0.00114368 0)
(0.99986 0.00116646 0)
(0.999891 0.00117729 0)
(0.999873 0.00117956 0)
(0.99982 0.00116624 0)
(0.999795 0.00114127 0)
(0.999768 0.00112133 0)
(0.999705 0.00111018 0)
(0.999634 0.00111081 0)
(0.999579 0.00113447 0)
(0.999532 0.0011666 0)
(0.999481 0.00117301 0)
(0.999419 0.00115313 0)
(0.999349 0.00113611 0)
(0.999274 0.00113039 0)
(0.999188 0.00112669 0)
(0.999102 0.00112978 0)
(0.999016 0.00114304 0)
(0.998917 0.00114745 0)
(0.998802 0.00113557 0)
(0.998693 0.00113071 0)
(0.998582 0.00114442 0)
(0.998463 0.00115086 0)
(0.998324 0.00113607 0)
(0.99819 0.00112653 0)
(0.998043 0.00114459 0)
(0.997898 0.00116309 0)
(0.997729 0.00114909 0)
(0.997579 0.00111725 0)
(0.997402 0.00111677 0)
(0.997238 0.00115464 0)
(0.997019 0.00118362 0)
(0.996846 0.00115636 0)
(0.996644 0.00109136 0)
(0.996514 0.0010533 0)
(0.996296 0.00108963 0)
(0.996102 0.00117475 0)
(0.995788 0.00123009 0)
(0.9956 0.00118715 0)
(0.995427 0.00102672 0)
(0.995534 0.000788956 0)
(0.995706 0.000530092 0)
(0.996119 0.000306059 0)
(0.996466 0.000138861 0)
(0.996913 4.28918e-05 0)
(0.997185 -3.20529e-06 0)
(0.99749 -1.98346e-05 0)
(0.997608 -2.09086e-05 0)
(0.99777 -1.71899e-05 0)
(0.997781 -1.07293e-05 0)
(0.997867 -7.16383e-06 0)
(0.997828 -3.32549e-06 0)
(0.997889 -1.66095e-06 0)
(0.997832 -8.38107e-07 0)
(0.99789 2.74961e-07 0)
(0.997826 -1.57096e-07 0)
(0.997886 4.04155e-07 0)
(0.997821 3.80545e-07 0)
(0.997881 -3.6242e-08 0)
(0.997817 7.09008e-07 0)
(0.997877 -1.99938e-07 0)
(0.997811 6.01813e-07 0)
(0.997877 -9.94721e-09 0)
(0.997804 3.99209e-07 0)
(0.997875 1.19684e-07 0)
(0.997797 7.48156e-07 0)
(0.997863 -4.94544e-07 0)
(0.997786 2.06898e-06 0)
(0.997839 -7.56731e-07 0)
(0.997747 3.76929e-06 0)
(1.00004 0.000358399 0)
(0.999835 0.000386675 0)
(0.999609 0.000451702 0)
(0.99945 0.000536877 0)
(0.999415 0.00062439 0)
(0.999493 0.000698281 0)
(0.99962 0.000756886 0)
(0.999733 0.000806828 0)
(0.999807 0.000839493 0)
(0.999876 0.000844395 0)
(0.999962 0.000835716 0)
(1.00005 0.000836483 0)
(1.00014 0.000847219 0)
(1.00021 0.000857315 0)
(1.00023 0.000866528 0)
(1.00023 0.000878462 0)
(1.00025 0.000892029 0)
(1.00029 0.0009046 0)
(1.00035 0.000909611 0)
(1.00039 0.000900429 0)
(1.00041 0.00088464 0)
(1.00042 0.000867316 0)
(1.00046 0.000844585 0)
(1.00052 0.000825566 0)
(1.00055 0.000817649 0)
(1.00052 0.000816149 0)
(1.00049 0.000823652 0)
(1.0005 0.000839802 0)
(1.00055 0.000857506 0)
(1.00056 0.000881328 0)
(1.00055 0.000909123 0)
(1.0006 0.000924528 0)
(1.0007 0.000928554 0)
(1.00076 0.000930538 0)
(1.00077 0.000923845 0)
(1.00082 0.000909402 0)
(1.00087 0.000901492 0)
(1.00088 0.000901438 0)
(1.00089 0.000909325 0)
(1.00093 0.000931979 0)
(1.00099 0.000952245 0)
(1.00105 0.000945795 0)
(1.00109 0.000928041 0)
(1.00113 0.000926047 0)
(1.00116 0.000931176 0)
(1.00119 0.000929553 0)
(1.00123 0.000934309 0)
(1.00128 0.000949043 0)
(1.00132 0.000950901 0)
(1.00135 0.000938366 0)
(1.00138 0.00094055 0)
(1.00143 0.00096068 0)
(1.00148 0.000965199 0)
(1.00151 0.000947301 0)
(1.00154 0.000943737 0)
(1.00158 0.000970401 0)
(1.00164 0.00098832 0)
(1.00168 0.000966426 0)
(1.00172 0.000935173 0)
(1.00174 0.000947051 0)
(1.0018 0.000995208 0)
(1.00186 0.00101753 0)
(1.00195 0.000973149 0)
(1.00197 0.000900868 0)
(1.00202 0.000878991 0)
(1.00202 0.000942327 0)
(1.00216 0.00103924 0)
(1.00227 0.00107486 0)
(1.0025 0.000984801 0)
(1.0026 0.000773072 0)
(1.00276 0.000502542 0)
(1.00273 0.000244737 0)
(1.00276 5.40282e-05 0)
(1.00263 -5.82426e-05 0)
(1.00261 -9.86282e-05 0)
(1.00248 -9.97685e-05 0)
(1.00248 -8.12113e-05 0)
(1.00237 -5.64694e-05 0)
(1.00239 -3.55685e-05 0)
(1.00232 -1.88845e-05 0)
(1.00235 -9.88558e-06 0)
(1.00229 -3.43224e-06 0)
(1.00233 -9.58271e-07 0)
(1.00227 4.61295e-07 0)
(1.00232 1.40811e-06 0)
(1.00225 1.12206e-06 0)
(1.00231 1.32994e-06 0)
(1.00225 1.35702e-06 0)
(1.0023 6.02044e-07 0)
(1.00224 1.42516e-06 0)
(1.0023 2.03263e-07 0)
(1.00223 1.15443e-06 0)
(1.0023 1.76818e-07 0)
(1.00223 9.13148e-07 0)
(1.0023 1.29911e-07 0)
(1.00222 1.09424e-06 0)
(1.00228 -2.36262e-07 0)
(1.00221 1.90567e-06 0)
(1.00226 -2.48588e-08 0)
(1.00217 3.05809e-06 0)
(1.00006 0.000394714 0)
(0.999897 0.000422794 0)
(0.999703 0.00048165 0)
(0.999561 0.000561568 0)
(0.999526 0.000648898 0)
(0.99959 0.000730946 0)
(0.999703 0.000799349 0)
(0.999806 0.000857399 0)
(0.999862 0.000907117 0)
(0.999908 0.000936571 0)
(0.999985 0.000945646 0)
(1.00007 0.000950785 0)
(1.00016 0.000957102 0)
(1.00023 0.000963387 0)
(1.00025 0.000971518 0)
(1.00024 0.000980114 0)
(1.00026 0.000987912 0)
(1.0003 0.000999157 0)
(1.00035 0.00101482 0)
(1.00038 0.00102221 0)
(1.00039 0.00101569 0)
(1.00041 0.00100574 0)
(1.00045 0.000993683 0)
(1.00052 0.000977332 0)
(1.00056 0.000966038 0)
(1.00054 0.000964181 0)
(1.00053 0.000970113 0)
(1.00055 0.000983096 0)
(1.0006 0.000998471 0)
(1.00062 0.00101667 0)
(1.0006 0.00103876 0)
(1.00064 0.00105254 0)
(1.00074 0.001054 0)
(1.00079 0.00105442 0)
(1.0008 0.0010533 0)
(1.00084 0.00104484 0)
(1.00089 0.00103718 0)
(1.00091 0.00103626 0)
(1.00092 0.00103957 0)
(1.00097 0.0010483 0)
(1.00103 0.00106001 0)
(1.00109 0.00106495 0)
(1.00113 0.00106147 0)
(1.00115 0.00105714 0)
(1.00119 0.00105504 0)
(1.00123 0.00105411 0)
(1.00127 0.00105653 0)
(1.00132 0.00106291 0)
(1.00137 0.00106685 0)
(1.0014 0.00106535 0)
(1.00144 0.00106513 0)
(1.00149 0.0010706 0)
(1.00155 0.00107423 0)
(1.00159 0.00107143 0)
(1.00162 0.00107 0)
(1.00166 0.00107698 0)
(1.00173 0.001083 0)
(1.00179 0.00107772 0)
(1.00184 0.00106736 0)
(1.00185 0.00106868 0)
(1.00192 0.00108143 0)
(1.00199 0.00108651 0)
(1.00211 0.00106827 0)
(1.00215 0.00103912 0)
(1.0022 0.00102688 0)
(1.00219 0.00104382 0)
(1.00233 0.00107099 0)
(1.00245 0.00106711 0)
(1.00271 0.000999908 0)
(1.00284 0.000861676 0)
(1.00299 0.000678401 0)
(1.00293 0.000484121 0)
(1.00293 0.000314459 0)
(1.00276 0.000184592 0)
(1.0027 9.43355e-05 0)
(1.00255 3.72018e-05 0)
(1.00254 1.11119e-05 0)
(1.00244 2.0044e-06 0)
(1.00246 -1.07548e-06 0)
(1.00239 7.6915e-07 0)
(1.00243 1.35162e-06 0)
(1.00237 3.26374e-06 0)
(1.00241 3.44123e-06 0)
(1.00235 3.38705e-06 0)
(1.0024 3.40167e-06 0)
(1.00234 2.89681e-06 0)
(1.00239 2.43564e-06 0)
(1.00233 2.57514e-06 0)
(1.00239 1.34675e-06 0)
(1.00232 2.22361e-06 0)
(1.00238 7.41958e-07 0)
(1.00232 1.68884e-06 0)
(1.00238 5.52535e-07 0)
(1.00231 1.30609e-06 0)
(1.00238 3.80129e-07 0)
(1.0023 1.43941e-06 0)
(1.00237 -1.45769e-08 0)
(1.00229 2.0965e-06 0)
(1.00234 3.58935e-07 0)
(1.00225 2.82547e-06 0)
(1.00007 0.000389636 0)
(0.99994 0.000406966 0)
(0.999775 0.00044893 0)
(0.999648 0.000510055 0)
(0.999612 0.000577137 0)
(0.999664 0.000642741 0)
(0.999759 0.000701945 0)
(0.999847 0.000752964 0)
(0.999887 0.000798753 0)
(0.999909 0.000832768 0)
(0.999967 0.000847217 0)
(1.00005 0.000850685 0)
(1.00014 0.000853427 0)
(1.00021 0.000857816 0)
(1.00024 0.000864873 0)
(1.00024 0.000871015 0)
(1.00026 0.000871601 0)
(1.00032 0.000873502 0)
(1.00038 0.000886074 0)
(1.0004 0.000900812 0)
(1.0004 0.000902746 0)
(1.00042 0.00089583 0)
(1.00046 0.000888472 0)
(1.00052 0.000876512 0)
(1.00056 0.000863443 0)
(1.00055 0.000858862 0)
(1.00054 0.000861625 0)
(1.00056 0.000868833 0)
(1.00061 0.000880032 0)
(1.00063 0.000895535 0)
(1.00062 0.000913111 0)
(1.00065 0.000920763 0)
(1.00074 0.000916627 0)
(1.0008 0.000914415 0)
(1.00081 0.000913948 0)
(1.00085 0.000908791 0)
(1.0009 0.000906312 0)
(1.00092 0.000909567 0)
(1.00094 0.000913967 0)
(1.00098 0.000920717 0)
(1.00103 0.0009269 0)
(1.00108 0.000925683 0)
(1.00112 0.000921992 0)
(1.00116 0.000923274 0)
(1.00119 0.000925156 0)
(1.00123 0.000923971 0)
(1.00128 0.000925953 0)
(1.00133 0.000932769 0)
(1.00137 0.000935611 0)
(1.0014 0.000932438 0)
(1.00144 0.000933505 0)
(1.00149 0.000941783 0)
(1.00154 0.000945141 0)
(1.00158 0.000939065 0)
(1.00162 0.000937245 0)
(1.00167 0.000948229 0)
(1.00173 0.000956881 0)
(1.00177 0.000947893 0)
(1.00183 0.000931715 0)
(1.00186 0.000932896 0)
(1.00194 0.000952256 0)
(1.00199 0.000962175 0)
(1.00209 0.000939895 0)
(1.00212 0.000898837 0)
(1.00219 0.000876117 0)
(1.00222 0.00089322 0)
(1.00237 0.000929417 0)
(1.00246 0.000933074 0)
(1.00267 0.000862965 0)
(1.00274 0.000712844 0)
(1.00287 0.000516695 0)
(1.00282 0.000317977 0)
(1.00284 0.000154631 0)
(1.00272 4.20054e-05 0)
(1.00271 -1.73082e-05 0)
(1.00258 -3.74379e-05 0)
(1.00257 -3.53399e-05 0)
(1.00247 -2.51315e-05 0)
(1.00249 -1.55408e-05 0)
(1.00241 -6.31178e-06 0)
(1.00244 -1.30031e-06 0)
(1.00237 2.87976e-06 0)
(1.00242 4.42389e-06 0)
(1.00235 4.90697e-06 0)
(1.0024 4.93505e-06 0)
(1.00234 4.40762e-06 0)
(1.0024 3.6586e-06 0)
(1.00233 3.68085e-06 0)
(1.00239 2.26917e-06 0)
(1.00233 2.91615e-06 0)
(1.00238 1.4637e-06 0)
(1.00232 2.09954e-06 0)
(1.00238 1.08648e-06 0)
(1.00231 1.58316e-06 0)
(1.00238 7.68393e-07 0)
(1.0023 1.57367e-06 0)
(1.00237 4.41268e-07 0)
(1.00229 1.99015e-06 0)
(1.00234 7.92081e-07 0)
(1.00225 2.62474e-06 0)
(1.00007 0.000356102 0)
(0.999969 0.000374899 0)
(0.999832 0.000413647 0)
(0.999721 0.000466291 0)
(0.999689 0.000522741 0)
(0.99974 0.000579131 0)
(0.999831 0.000634476 0)
(0.999915 0.000686105 0)
(0.999948 0.000736306 0)
(0.999955 0.000778961 0)
(0.999994 0.000803347 0)
(1.00007 0.000812775 0)
(1.00016 0.000820094 0)
(1.00023 0.000830818 0)
(1.00025 0.000843116 0)
(1.00024 0.000853141 0)
(1.00025 0.000856642 0)
(1.00031 0.000855836 0)
(1.00038 0.000861127 0)
(1.0004 0.000877559 0)
(1.00039 0.000891338 0)
(1.0004 0.000892761 0)
(1.00044 0.000889177 0)
(1.00051 0.00088404 0)
(1.00056 0.000877779 0)
(1.00056 0.000877006 0)
(1.00056 0.000881737 0)
(1.00059 0.00088492 0)
(1.00065 0.000891525 0)
(1.00067 0.000910093 0)
(1.00065 0.000931461 0)
(1.00067 0.000939675 0)
(1.00076 0.00093709 0)
(1.00081 0.000937361 0)
(1.00082 0.000939118 0)
(1.00086 0.000935639 0)
(1.00091 0.000934384 0)
(1.00093 0.000940207 0)
(1.00095 0.000946163 0)
(1.00099 0.00094942 0)
(1.00104 0.000952372 0)
(1.00109 0.000954611 0)
(1.00113 0.000956301 0)
(1.00116 0.000959161 0)
(1.0012 0.000961666 0)
(1.00123 0.00096217 0)
(1.00128 0.000962838 0)
(1.00133 0.000966146 0)
(1.00137 0.000970727 0)
(1.0014 0.000973849 0)
(1.00144 0.000975536 0)
(1.00149 0.000977788 0)
(1.00154 0.000980288 0)
(1.00158 0.000982086 0)
(1.00163 0.000984033 0)
(1.00167 0.000986891 0)
(1.00173 0.000987818 0)
(1.00178 0.000985161 0)
(1.00184 0.000982283 0)
(1.00187 0.000983561 0)
(1.00193 0.000985763 0)
(1.00198 0.000980746 0)
(1.00208 0.00096538 0)
(1.00212 0.0009477 0)
(1.0022 0.000939783 0)
(1.00222 0.000942181 0)
(1.00235 0.000940522 0)
(1.00243 0.000911757 0)
(1.00262 0.000841836 0)
(1.00269 0.000730255 0)
(1.00283 0.000593122 0)
(1.00278 0.000449956 0)
(1.00281 0.000322031 0)
(1.00269 0.000218882 0)
(1.00267 0.000141562 0)
(1.00254 8.90189e-05 0)
(1.00254 5.35255e-05 0)
(1.00245 3.41984e-05 0)
(1.00247 2.25027e-05 0)
(1.0024 1.74285e-05 0)
(1.00243 1.34636e-05 0)
(1.00237 1.1558e-05 0)
(1.00241 9.81812e-06 0)
(1.00235 8.492e-06 0)
(1.0024 7.37714e-06 0)
(1.00234 6.40797e-06 0)
(1.0024 5.11194e-06 0)
(1.00233 4.92861e-06 0)
(1.00239 3.31074e-06 0)
(1.00233 3.67493e-06 0)
(1.00238 2.24513e-06 0)
(1.00232 2.56078e-06 0)
(1.00238 1.65832e-06 0)
(1.00231 1.87661e-06 0)
(1.00238 1.18356e-06 0)
(1.0023 1.75461e-06 0)
(1.00237 8.16951e-07 0)
(1.00229 2.00131e-06 0)
(1.00234 1.12506e-06 0)
(1.00225 2.44021e-06 0)
(1.00009 0.000356056 0)
(1.00002 0.000378732 0)
(0.9999 0.00041784 0)
(0.999794 0.000464012 0)
(0.999759 0.000510566 0)
(0.999806 0.000554973 0)
(0.999891 0.000597837 0)
(0.999968 0.000638668 0)
(0.999992 0.000681473 0)
(0.999978 0.000721259 0)
(0.999991 0.000745416 0)
(1.00005 0.000755138 0)
(1.00014 0.000760953 0)
(1.00022 0.000770809 0)
(1.00025 0.000785589 0)
(1.00024 0.000801836 0)
(1.00025 0.000814514 0)
(1.00031 0.000817662 0)
(1.00039 0.000818817 0)
(1.00043 0.000832274 0)
(1.00042 0.00085373 0)
(1.00041 0.000867086 0)
(1.00045 0.000866189 0)
(1.00052 0.000860247 0)
(1.00057 0.000858245 0)
(1.00057 0.000859601 0)
(1.00056 0.000863946 0)
(1.00059 0.000865037 0)
(1.00066 0.000859116 0)
(1.00069 0.000866219 0)
(1.00067 0.000888755 0)
(1.00068 0.000896073 0)
(1.00077 0.000886941 0)
(1.00082 0.000886251 0)
(1.00083 0.000890292 0)
(1.00086 0.000885565 0)
(1.00092 0.000881452 0)
(1.00094 0.000886743 0)
(1.00096 0.000894124 0)
(1.00099 0.00089731 0)
(1.00105 0.00089773 0)
(1.00109 0.000896833 0)
(1.00113 0.00089582 0)
(1.00117 0.000897883 0)
(1.0012 0.000902879 0)
(1.00123 0.00090539 0)
(1.00128 0.000903987 0)
(1.00133 0.00090433 0)
(1.00137 0.000908327 0)
(1.0014 0.000911386 0)
(1.00144 0.000912176 0)
(1.00149 0.000914 0)
(1.00154 0.000916289 0)
(1.00158 0.000916153 0)
(1.00162 0.000915693 0)
(1.00167 0.000918659 0)
(1.00173 0.000921442 0)
(1.00177 0.000917932 0)
(1.00183 0.000909921 0)
(1.00186 0.00090604 0)
(1.00194 0.000908454 0)
(1.00198 0.000907883 0)
(1.00207 0.00089468 0)
(1.0021 0.000871507 0)
(1.00219 0.000851547 0)
(1.00222 0.000843303 0)
(1.00235 0.000839349 0)
(1.00241 0.000816713 0)
(1.00258 0.000755185 0)
(1.00261 0.000648047 0)
(1.00273 0.00050995 0)
(1.00269 0.000364263 0)
(1.00273 0.000234027 0)
(1.00263 0.000133411 0)
(1.00265 6.67924e-05 0)
(1.00254 3.03329e-05 0)
(1.00255 1.32524e-05 0)
(1.00246 8.99397e-06 0)
(1.00248 8.52552e-06 0)
(1.00241 1.07683e-05 0)
(1.00244 1.15713e-05 0)
(1.00237 1.21519e-05 0)
(1.00242 1.16044e-05 0)
(1.00235 1.05518e-05 0)
(1.0024 9.34785e-06 0)
(1.00234 8.19191e-06 0)
(1.00239 6.63513e-06 0)
(1.00233 6.15702e-06 0)
(1.00239 4.45884e-06 0)
(1.00233 4.43389e-06 0)
(1.00238 3.09889e-06 0)
(1.00232 3.04358e-06 0)
(1.00238 2.24681e-06 0)
(1.00231 2.21719e-06 0)
(1.00238 1.59382e-06 0)
(1.0023 1.96001e-06 0)
(1.00237 1.18298e-06 0)
(1.00229 2.03917e-06 0)
(1.00234 1.3914e-06 0)
(1.00226 2.31676e-06 0)
(1.00011 0.000349704 0)
(1.00006 0.000367098 0)
(0.99996 0.000401208 0)
(0.999857 0.000443487 0)
(0.999818 0.000484572 0)
(0.99986 0.000518727 0)
(0.999943 0.000550416 0)
(1.00002 0.000581769 0)
(1.00005 0.000618547 0)
(1.00003 0.000661847 0)
(1.00003 0.000696026 0)
(1.00007 0.000716651 0)
(1.00016 0.00072735 0)
(1.00024 0.000735312 0)
(1.00027 0.000750005 0)
(1.00026 0.000769653 0)
(1.00025 0.000787441 0)
(1.0003 0.000791901 0)
(1.00038 0.000784427 0)
(1.00043 0.000785138 0)
(1.00042 0.000799479 0)
(1.0004 0.000815465 0)
(1.00043 0.000819753 0)
(1.0005 0.000811822 0)
(1.00056 0.000808805 0)
(1.00058 0.000814214 0)
(1.00057 0.000821539 0)
(1.0006 0.000829064 0)
(1.00066 0.000823645 0)
(1.00072 0.000819767 0)
(1.0007 0.000843067 0)
(1.00069 0.000861276 0)
(1.00077 0.000851949 0)
(1.00083 0.000848742 0)
(1.00084 0.000858283 0)
(1.00087 0.00085696 0)
(1.00093 0.000849797 0)
(1.00096 0.000852549 0)
(1.00097 0.000861763 0)
(1.001 0.000867355 0)
(1.00105 0.000867691 0)
(1.0011 0.000867642 0)
(1.00113 0.00086837 0)
(1.00117 0.000868738 0)
(1.0012 0.00087273 0)
(1.00123 0.000879686 0)
(1.00127 0.00088084 0)
(1.00133 0.000877335 0)
(1.00137 0.000879468 0)
(1.0014 0.000886756 0)
(1.00144 0.000890346 0)
(1.00149 0.000889874 0)
(1.00154 0.000890946 0)
(1.00158 0.000894277 0)
(1.00162 0.000896908 0)
(1.00167 0.000897817 0)
(1.00172 0.000897114 0)
(1.00177 0.000895022 0)
(1.00183 0.000892752 0)
(1.00186 0.000891306 0)
(1.00193 0.000888569 0)
(1.00197 0.000880699 0)
(1.00206 0.000867022 0)
(1.0021 0.000851371 0)
(1.00219 0.000838817 0)
(1.00221 0.000828 0)
(1.00233 0.000810511 0)
(1.00238 0.000774005 0)
(1.00253 0.000711524 0)
(1.00256 0.000623798 0)
(1.00268 0.000520579 0)
(1.00264 0.000413935 0)
(1.0027 0.00031575 0)
(1.0026 0.00023316 0)
(1.00262 0.000167539 0)
(1.00252 0.000119041 0)
(1.00253 8.33605e-05 0)
(1.00244 5.97072e-05 0)
(1.00247 4.31018e-05 0)
(1.0024 3.29112e-05 0)
(1.00243 2.55456e-05 0)
(1.00237 2.08093e-05 0)
(1.00241 1.72562e-05 0)
(1.00235 1.44463e-05 0)
(1.0024 1.21652e-05 0)
(1.00234 1.03807e-05 0)
(1.00239 8.39205e-06 0)
(1.00233 7.49401e-06 0)
(1.00239 5.69868e-06 0)
(1.00232 5.26307e-06 0)
(1.00238 3.98058e-06 0)
(1.00232 3.58902e-06 0)
(1.00238 2.84149e-06 0)
(1.00231 2.60352e-06 0)
(1.00238 1.99619e-06 0)
(1.0023 2.19856e-06 0)
(1.00237 1.51692e-06 0)
(1.00229 2.10176e-06 0)
(1.00234 1.61469e-06 0)
(1.00226 2.22665e-06 0)
(1.00012 0.000349619 0)
(1.0001 0.000359109 0)
(1.00003 0.000388081 0)
(0.999932 0.000430826 0)
(0.999879 0.000473192 0)
(0.999906 0.00050355 0)
(0.999984 0.000527038 0)
(1.00007 0.000548236 0)
(1.00011 0.000573586 0)
(1.00008 0.000610614 0)
(1.00006 0.000646108 0)
(1.00008 0.000668909 0)
(1.00015 0.000678021 0)
(1.00023 0.000678394 0)
(1.00028 0.000686194 0)
(1.00027 0.00070447 0)
(1.00026 0.000725923 0)
(1.00029 0.000739655 0)
(1.00037 0.000737007 0)
(1.00043 0.000735611 0)
(1.00045 0.000748793 0)
(1.00043 0.000769944 0)
(1.00044 0.000787727 0)
(1.0005 0.000788209 0)
(1.00057 0.000783148 0)
(1.00059 0.000788676 0)
(1.00059 0.000797 0)
(1.0006 0.000805883 0)
(1.00065 0.000804234 0)
(1.00072 0.000789766 0)
(1.00072 0.000799715 0)
(1.0007 0.00082498 0)
(1.00076 0.000821117 0)
(1.00084 0.000810313 0)
(1.00085 0.000820039 0)
(1.00087 0.000825168 0)
(1.00092 0.00081756 0)
(1.00096 0.000816363 0)
(1.00098 0.000824426 0)
(1.001 0.000832099 0)
(1.00105 0.00083397 0)
(1.0011 0.000833239 0)
(1.00113 0.000834234 0)
(1.00117 0.000834749 0)
(1.00121 0.000836786 0)
(1.00124 0.000844527 0)
(1.00127 0.000849461 0)
(1.00132 0.000845814 0)
(1.00137 0.000844627 0)
(1.0014 0.000851598 0)
(1.00144 0.000857105 0)
(1.00149 0.000856851 0)
(1.00154 0.00085689 0)
(1.00158 0.000859443 0)
(1.00162 0.000861288 0)
(1.00166 0.000861762 0)
(1.00172 0.000861708 0)
(1.00176 0.000859877 0)
(1.00182 0.000855397 0)
(1.00186 0.000850024 0)
(1.00193 0.000845108 0)
(1.00197 0.000838464 0)
(1.00205 0.000826926 0)
(1.00208 0.000810198 0)
(1.00217 0.000791489 0)
(1.0022 0.000772481 0)
(1.00232 0.000750166 0)
(1.00236 0.000715609 0)
(1.00249 0.000660568 0)
(1.0025 0.000581812 0)
(1.00261 0.000484971 0)
(1.00257 0.000381312 0)
(1.00263 0.000283076 0)
(1.00255 0.000200193 0)
(1.00259 0.000136597 0)
(1.0025 9.31656e-05 0)
(1.00252 6.47734e-05 0)
(1.00244 4.83625e-05 0)
(1.00247 3.79748e-05 0)
(1.0024 3.19273e-05 0)
(1.00243 2.71771e-05 0)
(1.00237 2.34641e-05 0)
(1.00241 2.02039e-05 0)
(1.00235 1.7222e-05 0)
(1.0024 1.45913e-05 0)
(1.00234 1.24515e-05 0)
(1.00239 1.01601e-05 0)
(1.00233 8.87611e-06 0)
(1.00239 6.97553e-06 0)
(1.00232 6.16e-06 0)
(1.00238 4.86706e-06 0)
(1.00232 4.20336e-06 0)
(1.00238 3.42504e-06 0)
(1.00231 3.02878e-06 0)
(1.00238 2.39586e-06 0)
(1.0023 2.44884e-06 0)
(1.00237 1.83138e-06 0)
(1.00229 2.18315e-06 0)
(1.00234 1.80289e-06 0)
(1.00226 2.16715e-06 0)
(1.00011 0.000348498 0)
(1.00013 0.000349225 0)
(1.00009 0.000369207 0)
(1.00001 0.000406007 0)
(0.999947 0.000447978 0)
(0.999951 0.000479654 0)
(1.00001 0.00049865 0)
(1.00009 0.000512034 0)
(1.00015 0.000526507 0)
(1.00014 0.000553437 0)
(1.00011 0.000588723 0)
(1.00011 0.000617363 0)
(1.00016 0.000633703 0)
(1.00024 0.000638181 0)
(1.0003 0.000644039 0)
(1.0003 0.000661 0)
(1.00029 0.000683665 0)
(1.0003 0.00070372 0)
(1.00036 0.000708055 0)
(1.00043 0.000703 0)
(1.00045 0.000707517 0)
(1.00045 0.000721648 0)
(1.00044 0.00073969 0)
(1.00048 0.000746291 0)
(1.00056 0.000737846 0)
(1.00059 0.000738181 0)
(1.0006 0.000747871 0)
(1.00061 0.00075798 0)
(1.00065 0.000764729 0)
(1.00072 0.000753944 0)
(1.00075 0.000751358 0)
(1.00072 0.000777092 0)
(1.00076 0.000785887 0)
(1.00084 0.000771734 0)
(1.00086 0.000775824 0)
(1.00087 0.000787039 0)
(1.00092 0.000782959 0)
(1.00097 0.000779113 0)
(1.00099 0.000785109 0)
(1.00101 0.000793427 0)
(1.00105 0.000797422 0)
(1.00109 0.000796865 0)
(1.00113 0.000797537 0)
(1.00117 0.000799131 0)
(1.00121 0.000799407 0)
(1.00124 0.000804451 0)
(1.00127 0.000811796 0)
(1.00132 0.00081063 0)
(1.00137 0.000806422 0)
(1.0014 0.000810906 0)
(1.00144 0.000818311 0)
(1.00148 0.000819096 0)
(1.00154 0.000817365 0)
(1.00157 0.00081921 0)
(1.00162 0.000822046 0)
(1.00166 0.000822084 0)
(1.00172 0.000819877 0)
(1.00176 0.000816882 0)
(1.00182 0.000813274 0)
(1.00185 0.000808726 0)
(1.00192 0.000802379 0)
(1.00196 0.000792585 0)
(1.00204 0.00077879 0)
(1.00207 0.000762094 0)
(1.00216 0.000744213 0)
(1.00219 0.000724149 0)
(1.00229 0.000697905 0)
(1.00232 0.000659704 0)
(1.00244 0.000606215 0)
(1.00245 0.000538111 0)
(1.00255 0.000460393 0)
(1.00252 0.000380277 0)
(1.00259 0.000304328 0)
(1.00252 0.000237841 0)
(1.00256 0.000182241 0)
(1.00247 0.000138549 0)
(1.0025 0.000104465 0)
(1.00243 7.95365e-05 0)
(1.00246 6.09093e-05 0)
(1.00239 4.77973e-05 0)
(1.00243 3.80972e-05 0)
(1.00237 3.09589e-05 0)
(1.00241 2.55317e-05 0)
(1.00235 2.11688e-05 0)
(1.0024 1.75859e-05 0)
(1.00233 1.48039e-05 0)
(1.00239 1.20856e-05 0)
(1.00233 1.03558e-05 0)
(1.00239 8.29578e-06 0)
(1.00232 7.12399e-06 0)
(1.00238 5.7567e-06 0)
(1.00232 4.86711e-06 0)
(1.00238 4.00365e-06 0)
(1.00231 3.47831e-06 0)
(1.00238 2.79537e-06 0)
(1.0023 2.70473e-06 0)
(1.00237 2.13256e-06 0)
(1.00229 2.27773e-06 0)
(1.00234 1.96628e-06 0)
(1.00226 2.13057e-06 0)
(1.0001 0.000354782 0)
(1.00015 0.000349609 0)
(1.00014 0.000358171 0)
(1.00009 0.000383444 0)
(1.00002 0.000420253 0)
(1 0.0004537 0)
(1.00004 0.000474079 0)
(1.00011 0.000485501 0)
(1.00017 0.000493562 0)
(1.00019 0.00050969 0)
(1.00016 0.000538506 0)
(1.00015 0.000567719 0)
(1.00017 0.000588245 0)
(1.00024 0.000596567 0)
(1.0003 0.00059887 0)
(1.00032 0.000608242 0)
(1.00032 0.00062571 0)
(1.00031 0.000646196 0)
(1.00035 0.000658191 0)
(1.00042 0.000656774 0)
(1.00046 0.000658055 0)
(1.00047 0.000669011 0)
(1.00047 0.000687023 0)
(1.00049 0.000702579 0)
(1.00055 0.000701428 0)
(1.0006 0.000699285 0)
(1.00061 0.000708042 0)
(1.00062 0.000717276 0)
(1.00065 0.000726118 0)
(1.00071 0.000722616 0)
(1.00075 0.000712114 0)
(1.00075 0.00072696 0)
(1.00076 0.000744353 0)
(1.00083 0.000735136 0)
(1.00087 0.000731995 0)
(1.00088 0.000744228 0)
(1.00092 0.000745686 0)
(1.00096 0.000740961 0)
(1.00099 0.000743626 0)
(1.00102 0.000750247 0)
(1.00105 0.000755434 0)
(1.00109 0.000756326 0)
(1.00113 0.00075637 0)
(1.00117 0.000758896 0)
(1.00121 0.000759636 0)
(1.00124 0.000761163 0)
(1.00127 0.000767916 0)
(1.00131 0.000771066 0)
(1.00137 0.000767256 0)
(1.0014 0.000767712 0)
(1.00144 0.000774385 0)
(1.00148 0.000777458 0)
(1.00153 0.000775928 0)
(1.00157 0.000776183 0)
(1.00161 0.000778304 0)
(1.00165 0.00077853 0)
(1.00171 0.000776627 0)
(1.00175 0.00077381 0)
(1.00181 0.000769651 0)
(1.00185 0.00076346 0)
(1.00191 0.000755473 0)
(1.00195 0.000745558 0)
(1.00203 0.000733054 0)
(1.00205 0.000717419 0)
(1.00214 0.000698844 0)
(1.00217 0.000676875 0)
(1.00227 0.000649869 0)
(1.00229 0.000614665 0)
(1.0024 0.000568418 0)
(1.0024 0.000510287 0)
(1.0025 0.000442461 0)
(1.00247 0.0003701 0)
(1.00254 0.000298926 0)
(1.00247 0.000234783 0)
(1.00252 0.000180493 0)
(1.00245 0.000137966 0)
(1.00248 0.000105552 0)
(1.00241 8.21747e-05 0)
(1.00245 6.49185e-05 0)
(1.00238 5.2385e-05 0)
(1.00242 4.28036e-05 0)
(1.00236 3.53147e-05 0)
(1.00241 2.93517e-05 0)
(1.00234 2.445e-05 0)
(1.0024 2.03116e-05 0)
(1.00233 1.70643e-05 0)
(1.00239 1.39885e-05 0)
(1.00233 1.18555e-05 0)
(1.00238 9.61646e-06 0)
(1.00232 8.12543e-06 0)
(1.00238 6.64214e-06 0)
(1.00232 5.55599e-06 0)
(1.00238 4.58198e-06 0)
(1.00231 3.9353e-06 0)
(1.00238 3.19519e-06 0)
(1.0023 2.96159e-06 0)
(1.00237 2.41633e-06 0)
(1.00229 2.38066e-06 0)
(1.00234 2.10801e-06 0)
(1.00226 2.10975e-06 0)
(1.00008 0.00035074 0)
(1.00014 0.000345819 0)
(1.00016 0.000346343 0)
(1.00014 0.000359488 0)
(1.00009 0.000386582 0)
(1.00006 0.000418403 0)
(1.00007 0.000442636 0)
(1.00013 0.000456757 0)
(1.00019 0.000463632 0)
(1.00022 0.000472193 0)
(1.00021 0.000491324 0)
(1.0002 0.000516701 0)
(1.0002 0.000539495 0)
(1.00025 0.000553093 0)
(1.0003 0.000557488 0)
(1.00034 0.0005631 0)
(1.00034 0.000576332 0)
(1.00034 0.000595464 0)
(1.00036 0.000612474 0)
(1.00041 0.000617514 0)
(1.00046 0.000617883 0)
(1.00048 0.000624054 0)
(1.00049 0.000636299 0)
(1.0005 0.000651226 0)
(1.00054 0.000656103 0)
(1.00059 0.000653124 0)
(1.00062 0.000657649 0)
(1.00063 0.000665799 0)
(1.00065 0.000674919 0)
(1.0007 0.000679504 0)
(1.00075 0.000671719 0)
(1.00077 0.000675338 0)
(1.00077 0.000693036 0)
(1.00082 0.000693309 0)
(1.00087 0.000686764 0)
(1.00088 0.000694858 0)
(1.00091 0.000701021 0)
(1.00096 0.000698718 0)
(1.00099 0.000699571 0)
(1.00102 0.000704296 0)
(1.00105 0.000709416 0)
(1.00109 0.000712101 0)
(1.00113 0.00071239 0)
(1.00116 0.000714688 0)
(1.0012 0.000716648 0)
(1.00124 0.000716597 0)
(1.00127 0.000720663 0)
(1.00131 0.000725808 0)
(1.00136 0.000724277 0)
(1.0014 0.000722351 0)
(1.00144 0.000727033 0)
(1.00147 0.000731715 0)
(1.00152 0.000731335 0)
(1.00157 0.000730696 0)
(1.00161 0.000732475 0)
(1.00165 0.000733305 0)
(1.0017 0.00073133 0)
(1.00174 0.000727831 0)
(1.0018 0.000723543 0)
(1.00184 0.000717883 0)
(1.0019 0.000710325 0)
(1.00194 0.000700353 0)
(1.00201 0.000687493 0)
(1.00204 0.000671492 0)
(1.00213 0.000652413 0)
(1.00215 0.000629618 0)
(1.00225 0.000601523 0)
(1.00226 0.000565988 0)
(1.00236 0.000521656 0)
(1.00235 0.000469074 0)
(1.00245 0.000410604 0)
(1.00242 0.000350255 0)
(1.00249 0.000291674 0)
(1.00243 0.000238403 0)
(1.00249 0.000191841 0)
(1.00242 0.000153176 0)
(1.00247 0.000121576 0)
(1.0024 9.67536e-05 0)
(1.00244 7.72304e-05 0)
(1.00238 6.22e-05 0)
(1.00242 5.04854e-05 0)
(1.00236 4.12907e-05 0)
(1.0024 3.39878e-05 0)
(1.00234 2.81272e-05 0)
(1.0024 2.32255e-05 0)
(1.00233 1.93973e-05 0)
(1.00239 1.5917e-05 0)
(1.00233 1.3367e-05 0)
(1.00238 1.09185e-05 0)
(1.00232 9.13355e-06 0)
(1.00238 7.50353e-06 0)
(1.00232 6.24182e-06 0)
(1.00238 5.14861e-06 0)
(1.00231 4.37893e-06 0)
(1.00238 3.58266e-06 0)
(1.0023 3.20835e-06 0)
(1.00237 2.67388e-06 0)
(1.00229 2.48402e-06 0)
(1.00234 2.22868e-06 0)
(1.00226 2.09593e-06 0)
(1.00008 0.000336291 0)
(1.00013 0.000338069 0)
(1.00017 0.000337535 0)
(1.00018 0.000343129 0)
(1.00015 0.000359515 0)
(1.00012 0.000384627 0)
(1.00012 0.000408406 0)
(1.00015 0.000424486 0)
(1.0002 0.00043283 0)
(1.00024 0.000438122 0)
(1.00025 0.000449098 0)
(1.00024 0.000467943 0)
(1.00024 0.000488872 0)
(1.00026 0.000504996 0)
(1.00031 0.000512796 0)
(1.00035 0.000517552 0)
(1.00036 0.000526627 0)
(1.00037 0.00054126 0)
(1.00038 0.000557437 0)
(1.00042 0.000567001 0)
(1.00046 0.000569603 0)
(1.00049 0.000573621 0)
(1.0005 0.000582385 0)
(1.00052 0.000595721 0)
(1.00055 0.000606115 0)
(1.00059 0.000607269 0)
(1.00062 0.000609247 0)
(1.00064 0.000615977 0)
(1.00066 0.000623806 0)
(1.00069 0.000630877 0)
(1.00074 0.000628742 0)
(1.00077 0.000626644 0)
(1.00078 0.000638468 0)
(1.00081 0.000645813 0)
(1.00086 0.000641623 0)
(1.00089 0.000644651 0)
(1.00091 0.000652074 0)
(1.00095 0.00065299 0)
(1.00099 0.00065307 0)
(1.00102 0.000656122 0)
(1.00105 0.000660454 0)
(1.00109 0.00066404 0)
(1.00113 0.000665061 0)
(1.00116 0.000666503 0)
(1.0012 0.000668933 0)
(1.00124 0.000669273 0)
(1.00127 0.000671162 0)
(1.00131 0.000676257 0)
(1.00135 0.000677741 0)
(1.00139 0.000675859 0)
(1.00143 0.000677989 0)
(1.00147 0.000682791 0)
(1.00152 0.000684302 0)
(1.00156 0.000683722 0)
(1.0016 0.000684477 0)
(1.00164 0.000685206 0)
(1.0017 0.00068373 0)
(1.00173 0.00068044 0)
(1.00179 0.000675924 0)
(1.00183 0.00066951 0)
(1.00189 0.000660617 0)
(1.00192 0.000649175 0)
(1.002 0.000635202 0)
(1.00202 0.000618521 0)
(1.00211 0.000598977 0)
(1.00212 0.000576166 0)
(1.00222 0.000549302 0)
(1.00222 0.000517345 0)
(1.00232 0.000479453 0)
(1.00231 0.00043574 0)
(1.00241 0.000387258 0)
(1.00237 0.000336413 0)
(1.00245 0.000285702 0)
(1.0024 0.000238062 0)
(1.00246 0.000195162 0)
(1.00239 0.00015849 0)
(1.00244 0.000127916 0)
(1.00238 0.00010332 0)
(1.00242 8.36276e-05 0)
(1.00237 6.80825e-05 0)
(1.00241 5.57074e-05 0)
(1.00235 4.58264e-05 0)
(1.0024 3.78155e-05 0)
(1.00234 3.13596e-05 0)
(1.00239 2.59141e-05 0)
(1.00233 2.16106e-05 0)
(1.00239 1.77869e-05 0)
(1.00232 1.48597e-05 0)
(1.00238 1.2201e-05 0)
(1.00232 1.01483e-05 0)
(1.00238 8.35754e-06 0)
(1.00232 6.93256e-06 0)
(1.00238 5.71403e-06 0)
(1.00231 4.81833e-06 0)
(1.00238 3.96434e-06 0)
(1.0023 3.45257e-06 0)
(1.00237 2.91311e-06 0)
(1.00229 2.59104e-06 0)
(1.00234 2.33631e-06 0)
(1.00226 2.08917e-06 0)
(1.0001 0.000310335 0)
(1.00013 0.000318247 0)
(1.00016 0.000320889 0)
(1.00019 0.000323947 0)
(1.00019 0.000332505 0)
(1.00017 0.000348863 0)
(1.00016 0.000368425 0)
(1.00018 0.000385062 0)
(1.00021 0.000396297 0)
(1.00025 0.000402804 0)
(1.00027 0.000410314 0)
(1.00027 0.000423112 0)
(1.00027 0.000439628 0)
(1.00029 0.000455553 0)
(1.00032 0.00046636 0)
(1.00035 0.000472781 0)
(1.00038 0.000479739 0)
(1.00039 0.000489987 0)
(1.0004 0.000503403 0)
(1.00043 0.000515154 0)
(1.00046 0.000521096 0)
(1.00049 0.000525153 0)
(1.00052 0.000531372 0)
(1.00053 0.000540987 0)
(1.00055 0.00055124 0)
(1.00059 0.000555356 0)
(1.00062 0.000556783 0)
(1.00065 0.000561998 0)
(1.00067 0.00056874 0)
(1.0007 0.000575705 0)
(1.00074 0.000578483 0)
(1.00077 0.000576833 0)
(1.00079 0.000582554 0)
(1.00082 0.000591443 0)
(1.00086 0.000591656 0)
(1.00089 0.000592007 0)
(1.00092 0.000598007 0)
(1.00095 0.000601344 0)
(1.00099 0.00060198 0)
(1.00102 0.000604267 0)
(1.00105 0.000607809 0)
(1.00108 0.00061146 0)
(1.00112 0.000613681 0)
(1.00116 0.000615143 0)
(1.00119 0.000617502 0)
(1.00123 0.000618834 0)
(1.00127 0.000619769 0)
(1.0013 0.000623313 0)
(1.00134 0.000626388 0)
(1.00139 0.000626178 0)
(1.00143 0.000626978 0)
(1.00146 0.000630657 0)
(1.00151 0.000633052 0)
(1.00155 0.000632892 0)
(1.0016 0.000632784 0)
(1.00164 0.000632859 0)
(1.00169 0.000631083 0)
(1.00173 0.000627005 0)
(1.00178 0.00062137 0)
(1.00181 0.000614258 0)
(1.00188 0.000605368 0)
(1.00191 0.000594574 0)
(1.00198 0.000581793 0)
(1.002 0.000566726 0)
(1.00209 0.000548998 0)
(1.0021 0.000528107 0)
(1.00219 0.000503365 0)
(1.00219 0.000474096 0)
(1.00229 0.000439884 0)
(1.00227 0.000401144 0)
(1.00236 0.000358917 0)
(1.00233 0.00031514 0)
(1.00241 0.000271672 0)
(1.00236 0.000230608 0)
(1.00242 0.000193131 0)
(1.00237 0.000160289 0)
(1.00242 0.000132087 0)
(1.00236 0.000108552 0)
(1.00241 8.90615e-05 0)
(1.00235 7.31766e-05 0)
(1.0024 6.01986e-05 0)
(1.00234 4.96718e-05 0)
(1.00239 4.10099e-05 0)
(1.00233 3.40002e-05 0)
(1.00239 2.8086e-05 0)
(1.00233 2.33636e-05 0)
(1.00238 1.92556e-05 0)
(1.00232 1.60196e-05 0)
(1.00238 1.31849e-05 0)
(1.00232 1.09274e-05 0)
(1.00238 9.00397e-06 0)
(1.00232 7.45346e-06 0)
(1.00238 6.13887e-06 0)
(1.00231 5.14049e-06 0)
(1.00238 4.24585e-06 0)
(1.0023 3.62261e-06 0)
(1.00237 3.07779e-06 0)
(1.00229 2.65302e-06 0)
(1.00234 2.39521e-06 0)
(1.00226 2.05829e-06 0)
(1.00013 0.000279189 0)
(1.00015 0.000289798 0)
(1.00017 0.000296257 0)
(1.0002 0.000300416 0)
(1.00021 0.000305969 0)
(1.00021 0.000316028 0)
(1.0002 0.000330366 0)
(1.00021 0.000345122 0)
(1.00023 0.000356995 0)
(1.00026 0.000365029 0)
(1.00028 0.000371352 0)
(1.00029 0.000379777 0)
(1.0003 0.00039161 0)
(1.00031 0.000404866 0)
(1.00033 0.000416242 0)
(1.00036 0.000424111 0)
(1.00039 0.000430409 0)
(1.00041 0.000438153 0)
(1.00042 0.000448514 0)
(1.00044 0.000459237 0)
(1.00047 0.000466878 0)
(1.0005 0.000471985 0)
(1.00052 0.000477266 0)
(1.00054 0.000484307 0)
(1.00056 0.000492858 0)
(1.00059 0.000499269 0)
(1.00063 0.000502839 0)
(1.00065 0.000507053 0)
(1.00068 0.000512101 0)
(1.0007 0.000517864 0)
(1.00073 0.000522688 0)
(1.00077 0.000523422 0)
(1.0008 0.000525902 0)
(1.00082 0.000532862 0)
(1.00085 0.000536204 0)
(1.00089 0.000536857 0)
(1.00092 0.000540955 0)
(1.00095 0.000545095 0)
(1.00098 0.000546956 0)
(1.00102 0.000549141 0)
(1.00105 0.000551956 0)
(1.00108 0.000555039 0)
(1.00112 0.000557806 0)
(1.00115 0.000559585 0)
(1.00119 0.000561587 0)
(1.00123 0.000563568 0)
(1.00126 0.000564696 0)
(1.0013 0.000566822 0)
(1.00134 0.000569713 0)
(1.00138 0.000570669 0)
(1.00142 0.00057091 0)
(1.00146 0.000573018 0)
(1.0015 0.000575337 0)
(1.00154 0.000575681 0)
(1.00159 0.000575043 0)
(1.00163 0.000574372 0)
(1.00168 0.000572731 0)
(1.00171 0.000569438 0)
(1.00177 0.000564803 0)
(1.0018 0.00055885 0)
(1.00187 0.000551102 0)
(1.0019 0.000541178 0)
(1.00197 0.000528937 0)
(1.00199 0.000514241 0)
(1.00206 0.000496922 0)
(1.00207 0.000476812 0)
(1.00216 0.000453681 0)
(1.00216 0.000427339 0)
(1.00225 0.000397676 0)
(1.00223 0.000365016 0)
(1.00232 0.000329954 0)
(1.00229 0.000293662 0)
(1.00237 0.000257303 0)
(1.00232 0.000222326 0)
(1.00239 0.000189675 0)
(1.00234 0.000160282 0)
(1.0024 0.000134376 0)
(1.00235 0.00011216 0)
(1.00239 9.32977e-05 0)
(1.00234 7.756e-05 0)
(1.00239 6.44135e-05 0)
(1.00234 5.3565e-05 0)
(1.00239 4.44871e-05 0)
(1.00233 3.70417e-05 0)
(1.00238 3.07246e-05 0)
(1.00232 2.5589e-05 0)
(1.00238 2.11675e-05 0)
(1.00232 1.75927e-05 0)
(1.00238 1.45189e-05 0)
(1.00232 1.20175e-05 0)
(1.00238 9.90414e-06 0)
(1.00231 8.18365e-06 0)
(1.00238 6.73515e-06 0)
(1.00231 5.59595e-06 0)
(1.00238 4.6289e-06 0)
(1.0023 3.87699e-06 0)
(1.00237 3.2959e-06 0)
(1.00229 2.76399e-06 0)
(1.00234 2.48504e-06 0)
(1.00226 2.05625e-06 0)
(1.00016 0.000246665 0)
(1.00017 0.000256597 0)
(1.00018 0.00026445 0)
(1.0002 0.000270128 0)
(1.00022 0.000275241 0)
(1.00023 0.00028202 0)
(1.00023 0.000291664 0)
(1.00024 0.000302854 0)
(1.00025 0.000313417 0)
(1.00027 0.00032189 0)
(1.00029 0.000328481 0)
(1.00031 0.000335356 0)
(1.00032 0.00034406 0)
(1.00033 0.000354381 0)
(1.00035 0.000364638 0)
(1.00037 0.000372875 0)
(1.0004 0.000379487 0)
(1.00042 0.000386247 0)
(1.00044 0.000394087 0)
(1.00045 0.000402863 0)
(1.00048 0.000410801 0)
(1.0005 0.000416734 0)
(1.00053 0.000421855 0)
(1.00055 0.000427461 0)
(1.00057 0.000434149 0)
(1.0006 0.000440728 0)
(1.00063 0.000445206 0)
(1.00065 0.000448711 0)
(1.00068 0.000453014 0)
(1.00071 0.000458037 0)
(1.00073 0.00046282 0)
(1.00077 0.000465582 0)
(1.0008 0.000467802 0)
(1.00082 0.000472344 0)
(1.00085 0.000476553 0)
(1.00088 0.000478621 0)
(1.00092 0.000481469 0)
(1.00095 0.000485159 0)
(1.00098 0.000487874 0)
(1.00101 0.000490148 0)
(1.00105 0.000492559 0)
(1.00108 0.000495265 0)
(1.00111 0.000498003 0)
(1.00115 0.000499856 0)
(1.00118 0.000501347 0)
(1.00122 0.000503058 0)
(1.00126 0.000504211 0)
(1.0013 0.000505381 0)
(1.00133 0.000507408 0)
(1.00137 0.000508873 0)
(1.00141 0.000509278 0)
(1.00145 0.000510313 0)
(1.00149 0.000512073 0)
(1.00153 0.000512972 0)
(1.00158 0.000512861 0)
(1.00162 0.000512422 0)
(1.00167 0.000511199 0)
(1.0017 0.000508292 0)
(1.00176 0.000503527 0)
(1.00179 0.000497026 0)
(1.00185 0.000488726 0)
(1.00188 0.000478565 0)
(1.00195 0.000466613 0)
(1.00197 0.000452884 0)
(1.00204 0.000437258 0)
(1.00205 0.000419538 0)
(1.00214 0.000399475 0)
(1.00213 0.000376892 0)
(1.00222 0.0003517 0)
(1.0022 0.000324158 0)
(1.00229 0.000294735 0)
(1.00225 0.000264316 0)
(1.00234 0.000233774 0)
(1.00229 0.000204181 0)
(1.00236 0.000176261 0)
(1.00231 0.000150743 0)
(1.00238 0.000127859 0)
(1.00233 0.000107845 0)
(1.00238 9.05139e-05 0)
(1.00233 7.57855e-05 0)
(1.00238 6.3271e-05 0)
(1.00233 5.28094e-05 0)
(1.00238 4.39654e-05 0)
(1.00232 3.66469e-05 0)
(1.00238 3.0433e-05 0)
(1.00232 2.5331e-05 0)
(1.00238 2.09758e-05 0)
(1.00232 1.74119e-05 0)
(1.00238 1.43801e-05 0)
(1.00232 1.18933e-05 0)
(1.00237 9.80056e-06 0)
(1.00231 8.09103e-06 0)
(1.00238 6.66063e-06 0)
(1.00231 5.50981e-06 0)
(1.00238 4.56816e-06 0)
(1.0023 3.78746e-06 0)
(1.00237 3.22564e-06 0)
(1.00229 2.66498e-06 0)
(1.00234 2.39495e-06 0)
(1.00226 1.93508e-06 0)
(1.00019 0.000212547 0)
(1.00019 0.00022044 0)
(1.0002 0.000227862 0)
(1.00022 0.000234058 0)
(1.00023 0.000239327 0)
(1.00024 0.000244769 0)
(1.00025 0.0002515 0)
(1.00026 0.000259669 0)
(1.00027 0.000268295 0)
(1.00029 0.000276163 0)
(1.00031 0.000282833 0)
(1.00032 0.000288908 0)
(1.00034 0.000295547 0)
(1.00035 0.000303302 0)
(1.00037 0.000311527 0)
(1.00038 0.000319218 0)
(1.00041 0.000325911 0)
(1.00043 0.000331968 0)
(1.00045 0.000338339 0)
(1.00046 0.000345482 0)
(1.00049 0.00035256 0)
(1.00051 0.000358607 0)
(1.00053 0.000363779 0)
(1.00056 0.000368809 0)
(1.00058 0.000374427 0)
(1.0006 0.000380282 0)
(1.00063 0.000385044 0)
(1.00066 0.000389067 0)
(1.00068 0.000393389 0)
(1.00071 0.000397738 0)
(1.00073 0.000402106 0)
(1.00076 0.000405983 0)
(1.00079 0.000408792 0)
(1.00082 0.000412211 0)
(1.00085 0.000416505 0)
(1.00088 0.000419736 0)
(1.00091 0.000422475 0)
(1.00094 0.000425936 0)
(1.00098 0.000429161 0)
(1.00101 0.000431725 0)
(1.00104 0.000434264 0)
(1.00108 0.000436959 0)
(1.00111 0.000439564 0)
(1.00114 0.000441721 0)
(1.00118 0.000443586 0)
(1.00122 0.000445506 0)
(1.00125 0.000447106 0)
(1.00129 0.000448457 0)
(1.00133 0.000450346 0)
(1.00136 0.000452427 0)
(1.00141 0.000453943 0)
(1.00144 0.000455458 0)
(1.00149 0.00045743 0)
(1.00152 0.000458951 0)
(1.00157 0.000459298 0)
(1.00161 0.000458676 0)
(1.00166 0.000457125 0)
(1.00169 0.000454245 0)
(1.00175 0.000449903 0)
(1.00178 0.000444232 0)
(1.00184 0.000437234 0)
(1.00186 0.00042876 0)
(1.00193 0.000418686 0)
(1.00195 0.000406917 0)
(1.00202 0.000393339 0)
(1.00203 0.000377845 0)
(1.00211 0.000360356 0)
(1.0021 0.000340874 0)
(1.00219 0.000319442 0)
(1.00217 0.000296305 0)
(1.00226 0.000271796 0)
(1.00222 0.0002465 0)
(1.00231 0.000220978 0)
(1.00226 0.000195961 0)
(1.00234 0.000171966 0)
(1.00229 0.000149575 0)
(1.00235 0.000129026 0)
(1.00231 0.000110607 0)
(1.00236 9.42515e-05 0)
(1.00232 8.00072e-05 0)
(1.00237 6.76183e-05 0)
(1.00232 5.70287e-05 0)
(1.00237 4.79117e-05 0)
(1.00232 4.02138e-05 0)
(1.00237 3.36098e-05 0)
(1.00231 2.80823e-05 0)
(1.00238 2.33514e-05 0)
(1.00231 1.94138e-05 0)
(1.00237 1.60641e-05 0)
(1.00231 1.32855e-05 0)
(1.00237 1.09453e-05 0)
(1.00231 9.01319e-06 0)
(1.00238 7.40954e-06 0)
(1.00231 6.0832e-06 0)
(1.00238 5.03066e-06 0)
(1.0023 4.11278e-06 0)
(1.00237 3.48142e-06 0)
(1.00229 2.81478e-06 0)
(1.00234 2.51022e-06 0)
(1.00225 1.95709e-06 0)
(1.0002 0.000171705 0)
(1.00021 0.000177257 0)
(1.00022 0.000183074 0)
(1.00023 0.000188449 0)
(1.00024 0.000193163 0)
(1.00026 0.000197558 0)
(1.00027 0.000202308 0)
(1.00028 0.000207834 0)
(1.00029 0.000213934 0)
(1.0003 0.000220064 0)
(1.00032 0.000225691 0)
(1.00033 0.000230809 0)
(1.00035 0.000235925 0)
(1.00037 0.000241467 0)
(1.00038 0.000247518 0)
(1.0004 0.000253626 0)
(1.00042 0.000259194 0)
(1.00044 0.000264251 0)
(1.00046 0.000269227 0)
(1.00048 0.000274425 0)
(1.0005 0.000279797 0)
(1.00052 0.000284858 0)
(1.00054 0.000289326 0)
(1.00056 0.000293467 0)
(1.00059 0.000297619 0)
(1.00061 0.000301916 0)
(1.00063 0.0003061 0)
(1.00066 0.000309771 0)
(1.00069 0.000312989 0)
(1.00071 0.000316233 0)
(1.00074 0.000319798 0)
(1.00077 0.000323116 0)
(1.00079 0.000325657 0)
(1.00082 0.000328293 0)
(1.00085 0.00033146 0)
(1.00088 0.000334195 0)
(1.00091 0.000336496 0)
(1.00094 0.000339055 0)
(1.00097 0.000341565 0)
(1.00101 0.000343782 0)
(1.00104 0.000345925 0)
(1.00107 0.000347911 0)
(1.00111 0.000349748 0)
(1.00114 0.000351517 0)
(1.00118 0.000353095 0)
(1.00121 0.000354547 0)
(1.00125 0.000355915 0)
(1.00128 0.00035716 0)
(1.00132 0.000358562 0)
(1.00136 0.000360142 0)
(1.0014 0.000361418 0)
(1.00144 0.000362351 0)
(1.00148 0.000363305 0)
(1.00152 0.000364094 0)
(1.00156 0.000364236 0)
(1.0016 0.000363658 0)
(1.00165 0.000362413 0)
(1.00168 0.000360263 0)
(1.00174 0.000356943 0)
(1.00177 0.000352379 0)
(1.00183 0.000346565 0)
(1.00185 0.000339457 0)
(1.00192 0.00033104 0)
(1.00193 0.00032133 0)
(1.002 0.000310329 0)
(1.00201 0.000298011 0)
(1.00209 0.00028433 0)
(1.00208 0.000269272 0)
(1.00216 0.000252849 0)
(1.00214 0.000235223 0)
(1.00223 0.000216614 0)
(1.00219 0.000197415 0)
(1.00228 0.000178 0)
(1.00223 0.000158871 0)
(1.00231 0.000140389 0)
(1.00227 0.000122982 0)
(1.00233 0.000106836 0)
(1.00229 9.21972e-05 0)
(1.00235 7.90459e-05 0)
(1.0023 6.74627e-05 0)
(1.00235 5.72837e-05 0)
(1.00231 4.84988e-05 0)
(1.00236 4.08814e-05 0)
(1.00231 3.43976e-05 0)
(1.00237 2.88175e-05 0)
(1.00231 2.41133e-05 0)
(1.00237 2.00865e-05 0)
(1.00231 1.67149e-05 0)
(1.00237 1.38475e-05 0)
(1.00231 1.14595e-05 0)
(1.00237 9.44847e-06 0)
(1.00231 7.77911e-06 0)
(1.00237 6.40117e-06 0)
(1.0023 5.24433e-06 0)
(1.00238 4.34185e-06 0)
(1.0023 3.53435e-06 0)
(1.00236 2.992e-06 0)
(1.00229 2.40119e-06 0)
(1.00234 2.13859e-06 0)
(1.00225 1.64308e-06 0)
(1.00021 0.00014584 0)
(1.00022 0.000150031 0)
(1.00023 0.000154624 0)
(1.00024 0.000159276 0)
(1.00025 0.000163716 0)
(1.00026 0.000167924 0)
(1.00028 0.000172127 0)
(1.00029 0.000176613 0)
(1.0003 0.000181499 0)
(1.00031 0.000186626 0)
(1.00033 0.000191697 0)
(1.00034 0.000196535 0)
(1.00036 0.000201203 0)
(1.00037 0.000205958 0)
(1.00039 0.000210975 0)
(1.00041 0.000216143 0)
(1.00042 0.000221236 0)
(1.00044 0.000226099 0)
(1.00046 0.000230755 0)
(1.00048 0.000235408 0)
(1.0005 0.000240167 0)
(1.00052 0.000244879 0)
(1.00054 0.000249351 0)
(1.00057 0.000253546 0)
(1.00059 0.000257597 0)
(1.00061 0.000261705 0)
(1.00063 0.000265763 0)
(1.00066 0.000269494 0)
(1.00069 0.000273033 0)
(1.00071 0.000276575 0)
(1.00074 0.000280016 0)
(1.00076 0.000283355 0)
(1.00079 0.000286579 0)
(1.00082 0.000289609 0)
(1.00085 0.00029263 0)
(1.00088 0.000295686 0)
(1.00091 0.000298561 0)
(1.00094 0.000301299 0)
(1.00097 0.000304058 0)
(1.001 0.000306754 0)
(1.00103 0.000309233 0)
(1.00107 0.000311512 0)
(1.0011 0.000313758 0)
(1.00114 0.000315962 0)
(1.00117 0.000317933 0)
(1.00121 0.000319705 0)
(1.00124 0.000321421 0)
(1.00128 0.000323022 0)
(1.00132 0.000324553 0)
(1.00135 0.000326185 0)
(1.00139 0.000327822 0)
(1.00143 0.00032929 0)
(1.00147 0.000330649 0)
(1.00151 0.000331845 0)
(1.00155 0.000332548 0)
(1.00159 0.000332497 0)
(1.00164 0.00033162 0)
(1.00167 0.000329816 0)
(1.00173 0.000326962 0)
(1.00175 0.000323011 0)
(1.00181 0.000317998 0)
(1.00184 0.000311927 0)
(1.0019 0.000304784 0)
(1.00192 0.000296562 0)
(1.00199 0.000287236 0)
(1.00199 0.000276799 0)
(1.00207 0.000265245 0)
(1.00206 0.00025252 0)
(1.00214 0.000238607 0)
(1.00212 0.000223633 0)
(1.00221 0.000207777 0)
(1.00217 0.000191327 0)
(1.00226 0.000174547 0)
(1.00221 0.000157812 0)
(1.00229 0.00014139 0)
(1.00225 0.000125637 0)
(1.00232 0.00011072 0)
(1.00227 9.68954e-05 0)
(1.00233 8.41894e-05 0)
(1.00229 7.27386e-05 0)
(1.00235 6.24548e-05 0)
(1.0023 5.3385e-05 0)
(1.00236 4.53787e-05 0)
(1.0023 3.84328e-05 0)
(1.00236 3.23796e-05 0)
(1.0023 2.71956e-05 0)
(1.00237 2.27244e-05 0)
(1.00231 1.89359e-05 0)
(1.00237 1.5701e-05 0)
(1.00231 1.29831e-05 0)
(1.00237 1.0693e-05 0)
(1.00231 8.77305e-06 0)
(1.00237 7.19687e-06 0)
(1.0023 5.85354e-06 0)
(1.00237 4.81781e-06 0)
(1.0023 3.87792e-06 0)
(1.00236 3.2549e-06 0)
(1.00229 2.569e-06 0)
(1.00234 2.26803e-06 0)
(1.00225 1.69144e-06 0)
(1.00022 7.17417e-05 0)
(1.00023 7.37745e-05 0)
(1.00024 7.59945e-05 0)
(1.00025 7.83243e-05 0)
(1.00026 8.06662e-05 0)
(1.00028 8.29713e-05 0)
(1.00029 8.52634e-05 0)
(1.0003 8.76238e-05 0)
(1.00031 9.01104e-05 0)
(1.00033 9.271e-05 0)
(1.00034 9.53572e-05 0)
(1.00036 9.79753e-05 0)
(1.00037 0.000100554 0)
(1.00039 0.000103151 0)
(1.0004 0.000105816 0)
(1.00042 0.000108566 0)
(1.00044 0.000111347 0)
(1.00045 0.000114079 0)
(1.00047 0.00011675 0)
(1.00049 0.000119403 0)
(1.00051 0.000122076 0)
(1.00053 0.000124765 0)
(1.00055 0.000127403 0)
(1.00057 0.000129943 0)
(1.0006 0.000132414 0)
(1.00062 0.000134854 0)
(1.00064 0.000137276 0)
(1.00067 0.000139675 0)
(1.00069 0.000142013 0)
(1.00072 0.00014424 0)
(1.00074 0.000146421 0)
(1.00077 0.000148679 0)
(1.0008 0.000150897 0)
(1.00083 0.000152949 0)
(1.00085 0.000155004 0)
(1.00088 0.000157133 0)
(1.00091 0.000159166 0)
(1.00094 0.000161129 0)
(1.00097 0.000163142 0)
(1.001 0.0001651 0)
(1.00104 0.00016692 0)
(1.00107 0.000168687 0)
(1.0011 0.000170432 0)
(1.00114 0.000172085 0)
(1.00117 0.000173616 0)
(1.00121 0.000175095 0)
(1.00124 0.000176583 0)
(1.00128 0.000178057 0)
(1.00132 0.000179517 0)
(1.00135 0.000181022 0)
(1.00139 0.000182543 0)
(1.00143 0.000183965 0)
(1.00147 0.000185238 0)
(1.00151 0.000186336 0)
(1.00155 0.000187163 0)
(1.00158 0.000187607 0)
(1.00163 0.000187623 0)
(1.00167 0.000187171 0)
(1.00172 0.000186199 0)
(1.00175 0.00018465 0)
(1.0018 0.000182509 0)
(1.00182 0.000179759 0)
(1.00189 0.000176387 0)
(1.0019 0.000172394 0)
(1.00197 0.000167777 0)
(1.00197 0.000162551 0)
(1.00205 0.000156735 0)
(1.00204 0.000150284 0)
(1.00212 0.000143159 0)
(1.00209 0.000135402 0)
(1.00218 0.000127083 0)
(1.00214 0.00011833 0)
(1.00223 0.00010926 0)
(1.00219 0.000100054 0)
(1.00227 9.08455e-05 0)
(1.00222 8.183e-05 0)
(1.00229 7.31069e-05 0)
(1.00225 6.4839e-05 0)
(1.00231 5.70669e-05 0)
(1.00227 4.99004e-05 0)
(1.00233 4.33244e-05 0)
(1.00228 3.73979e-05 0)
(1.00234 3.20683e-05 0)
(1.00229 2.73562e-05 0)
(1.00235 2.31899e-05 0)
(1.0023 1.95662e-05 0)
(1.00236 1.64087e-05 0)
(1.0023 1.37019e-05 0)
(1.00236 1.13757e-05 0)
(1.00231 9.40433e-06 0)
(1.00237 7.73843e-06 0)
(1.00231 6.33189e-06 0)
(1.00237 5.17681e-06 0)
(1.0023 4.18698e-06 0)
(1.00237 3.42269e-06 0)
(1.0023 2.72959e-06 0)
(1.00236 2.26673e-06 0)
(1.00229 1.76297e-06 0)
(1.00234 1.53824e-06 0)
(1.00225 1.11905e-06 0)
)
;

boundaryField
{
    zeroGradientPlanes
    {
        type            zeroGradient;
    }
    inlet
    {
        type            fixedValue;
        value           uniform (1 0 0);
    }
    plate
    {
        type            noSlip;
    }
    frontAndBack
    {
        type            empty;
    }
}


// ************************************************************************* //
