/*--------------------------------*- C++ -*----------------------------------*\
| =========                 |                                                 |
| \\      /  F ield         | OpenFOAM: The Open Source CFD Toolbox           |
|  \\    /   O peration     | Version:  v2012                                 |
|   \\  /    A nd           | Website:  www.openfoam.com                      |
|    \\/     M anipulation  |                                                 |
\*---------------------------------------------------------------------------*/
FoamFile
{
    version     2.0;
    format      ascii;
    class       surfaceScalarField;
    location    "0.5";
    object      phi;
}
// * * * * * * * * * * * * * * * * * * * * * * * * * * * * * * * * * * * * * //

dimensions      [0 3 -1 0 0 0 0];
oriented        oriented;


internalField   nonuniform List<scalar> 
4660
(
1.99009e-05
-2.92517e-10
1.99017e-05
-3.72116e-09
1.99017e-05
-1.92894e-09
1.99015e-05
-1.46514e-09
1.99014e-05
8.98218e-10
1.99015e-05
1.72616e-10
1.99023e-05
-9.72471e-10
1.99045e-05
-4.2e-09
1.99078e-05
-7.04735e-09
1.99113e-05
-1.04148e-08
1.9913e-05
-1.06823e-08
1.99101e-05
-7.43605e-09
1.99046e-05
-1.41889e-09
1.98988e-05
5.52225e-09
1.98916e-05
1.121e-08
1.98846e-05
1.36844e-08
1.98786e-05
1.41558e-08
1.98737e-05
1.33125e-08
1.98696e-05
1.23701e-08
1.1611e-08
1.98658e-05
2.16597e-05
-2.33916e-10
2.16583e-05
-2.24873e-09
2.16586e-05
-2.21456e-09
2.16592e-05
-2.10703e-09
2.1661e-05
-9.06941e-10
2.16616e-05
-4.2158e-10
2.16619e-05
-1.26385e-09
2.16608e-05
-3.15317e-09
2.16581e-05
-4.34564e-09
2.16522e-05
-4.47574e-09
2.1644e-05
-2.45478e-09
2.16353e-05
1.23617e-09
2.16282e-05
5.6505e-09
2.16245e-05
9.23688e-09
2.16238e-05
1.19495e-08
2.16245e-05
1.29444e-08
2.16259e-05
1.27381e-08
2.16276e-05
1.16844e-08
2.16295e-05
1.04496e-08
9.39758e-09
2.16317e-05
2.35745e-05
-2.33778e-10
2.35731e-05
-8.27461e-10
2.35727e-05
-1.86048e-09
2.35731e-05
-2.5114e-09
2.35748e-05
-2.5737e-09
2.35755e-05
-1.16281e-09
2.35742e-05
9.79951e-11
2.35707e-05
3.26787e-10
2.35661e-05
2.79634e-10
2.35601e-05
1.49544e-09
2.35538e-05
3.88013e-09
2.35482e-05
6.82136e-09
2.35446e-05
9.19014e-09
2.3543e-05
1.08723e-08
2.35431e-05
1.18364e-08
2.35438e-05
1.22555e-08
2.3545e-05
1.15266e-08
2.35463e-05
1.04082e-08
2.35476e-05
9.16684e-09
8.08497e-09
2.35489e-05
2.56584e-05
-2.20689e-10
2.56582e-05
-6.28925e-10
2.56577e-05
-1.34793e-09
2.56568e-05
-1.60823e-09
2.56565e-05
-2.28138e-09
2.56566e-05
-1.25924e-09
2.56556e-05
1.15435e-09
2.56521e-05
3.77758e-09
2.56468e-05
5.61492e-09
2.56409e-05
7.36011e-09
2.56356e-05
9.15044e-09
2.56318e-05
1.07121e-08
2.56292e-05
1.17449e-08
2.56277e-05
1.23361e-08
2.56273e-05
1.22961e-08
2.56279e-05
1.16121e-08
2.5629e-05
1.04096e-08
2.56307e-05
8.77565e-09
2.56324e-05
7.4273e-09
6.35125e-09
2.56341e-05
2.79266e-05
-1.84322e-10
2.79265e-05
-5.05996e-10
2.7926e-05
-8.88989e-10
2.7925e-05
-5.76986e-10
2.79232e-05
-4.74511e-10
2.79217e-05
2.26278e-10
2.79205e-05
2.35417e-09
2.7918e-05
6.23731e-09
2.79136e-05
1.00248e-08
2.79084e-05
1.25643e-08
2.79041e-05
1.3414e-08
2.79009e-05
1.39072e-08
2.78988e-05
1.38445e-08
2.78979e-05
1.33022e-08
2.78979e-05
1.22559e-08
2.78986e-05
1.0885e-08
2.78998e-05
9.25779e-09
2.7901e-05
7.57408e-09
2.79024e-05
5.9863e-09
4.74436e-09
2.7904e-05
3.03952e-05
-9.13143e-11
3.03949e-05
-1.73143e-10
3.03942e-05
-2.31762e-10
3.03932e-05
4.0325e-10
3.03914e-05
1.38646e-09
3.03887e-05
2.87912e-09
3.03862e-05
4.87438e-09
3.03839e-05
8.51744e-09
3.03815e-05
1.24601e-08
3.03784e-05
1.56299e-08
3.03751e-05
1.66686e-08
3.03727e-05
1.63421e-08
3.03713e-05
1.52081e-08
3.0371e-05
1.36719e-08
3.03713e-05
1.19045e-08
3.03722e-05
1.00585e-08
3.03732e-05
8.21224e-09
3.03743e-05
6.50888e-09
3.03754e-05
4.89963e-09
3.66653e-09
3.03764e-05
3.3082e-05
3.94608e-11
3.30816e-05
2.44286e-10
3.30808e-05
5.81465e-10
3.30795e-05
1.73683e-09
3.30776e-05
3.27605e-09
3.30749e-05
5.56969e-09
3.30718e-05
7.94701e-09
3.30696e-05
1.07328e-08
3.30682e-05
1.38974e-08
3.30672e-05
1.65966e-08
3.30658e-05
1.80603e-08
3.30645e-05
1.7624e-08
3.30636e-05
1.61489e-08
3.30632e-05
1.40374e-08
3.30634e-05
1.16836e-08
3.30641e-05
9.39519e-09
3.30649e-05
7.46613e-09
3.30657e-05
5.62281e-09
3.30666e-05
4.05104e-09
2.92479e-09
3.30673e-05
3.60064e-05
2.27372e-10
3.60058e-05
7.98053e-10
3.60048e-05
1.6046e-09
3.60033e-05
3.2391e-09
3.60014e-05
5.22467e-09
3.59992e-05
7.70904e-09
3.59968e-05
1.0385e-08
3.59948e-05
1.27259e-08
3.59939e-05
1.47972e-08
3.59938e-05
1.67088e-08
3.5994e-05
1.78863e-08
3.59937e-05
1.79287e-08
3.59932e-05
1.65696e-08
3.59929e-05
1.43216e-08
3.59929e-05
1.17684e-08
3.59931e-05
9.18305e-09
3.59937e-05
6.81154e-09
3.59945e-05
4.87238e-09
3.59952e-05
3.38009e-09
2.34102e-09
3.59957e-05
3.91893e-05
4.66067e-10
3.91886e-05
1.50297e-09
3.91874e-05
2.75033e-09
3.9186e-05
4.6728e-09
3.91843e-05
6.95119e-09
3.91826e-05
9.3911e-09
3.91811e-05
1.18846e-08
3.91797e-05
1.40749e-08
3.9179e-05
1.55445e-08
3.91791e-05
1.65703e-08
3.91798e-05
1.7197e-08
3.91806e-05
1.7131e-08
3.91811e-05
1.61027e-08
3.91813e-05
1.40507e-08
3.91815e-05
1.1612e-08
3.91816e-05
9.08517e-09
3.91817e-05
6.67334e-09
3.9182e-05
4.63085e-09
3.91823e-05
3.09009e-09
2.07481e-09
3.91825e-05
4.26535e-05
7.3671e-10
4.26528e-05
2.23081e-09
4.26517e-05
3.88252e-09
4.26503e-05
6.00543e-09
4.2649e-05
8.32558e-09
4.26477e-05
1.06514e-08
4.26468e-05
1.27338e-08
4.26463e-05
1.46016e-08
4.26462e-05
1.57083e-08
4.26464e-05
1.62953e-08
4.26474e-05
1.62497e-08
4.26487e-05
1.58611e-08
4.26498e-05
1.49687e-08
4.26504e-05
1.34496e-08
4.26506e-05
1.14432e-08
4.26506e-05
9.02543e-09
4.26505e-05
6.74142e-09
4.26504e-05
4.73552e-09
4.26504e-05
3.10562e-09
2.00362e-09
4.26505e-05
4.6424e-05
1.01055e-09
4.64233e-05
2.95632e-09
4.64223e-05
4.89896e-09
4.64212e-05
7.07575e-09
4.64203e-05
9.28118e-09
4.64195e-05
1.13967e-08
4.64192e-05
1.30631e-08
4.64193e-05
1.45035e-08
4.64197e-05
1.53356e-08
4.64203e-05
1.56312e-08
4.64213e-05
1.5307e-08
4.64226e-05
1.45958e-08
4.64239e-05
1.36538e-08
4.6425e-05
1.23406e-08
4.64257e-05
1.06921e-08
4.64259e-05
8.81582e-09
4.64258e-05
6.83439e-09
4.64256e-05
4.93504e-09
4.64254e-05
3.39776e-09
2.29886e-09
4.64251e-05
5.05279e-05
1.24351e-09
5.05273e-05
3.58286e-09
5.05265e-05
5.6796e-09
5.05258e-05
7.83944e-09
5.05252e-05
9.84042e-09
5.0525e-05
1.1643e-08
5.05251e-05
1.29551e-08
5.05256e-05
1.39756e-08
5.05264e-05
1.45338e-08
5.05274e-05
1.46291e-08
5.05285e-05
1.41977e-08
5.05297e-05
1.34019e-08
5.0531e-05
1.23115e-08
5.05322e-05
1.11349e-08
5.05332e-05
9.71712e-09
5.05338e-05
8.20378e-09
5.05341e-05
6.5999e-09
5.05339e-05
5.13109e-09
5.05335e-05
3.72526e-09
2.69008e-09
5.05331e-05
5.49946e-05
1.41831e-09
5.49941e-05
4.04133e-09
5.49936e-05
6.19821e-09
5.49932e-05
8.22762e-09
5.49931e-05
9.98633e-09
5.49933e-05
1.14269e-08
5.49938e-05
1.24585e-08
5.49946e-05
1.31654e-08
5.49957e-05
1.345e-08
5.4997e-05
1.33647e-08
5.49983e-05
1.28871e-08
5.49996e-05
1.21041e-08
5.50008e-05
1.1099e-08
5.50019e-05
9.96534e-09
5.50029e-05
8.72335e-09
5.50037e-05
7.45484e-09
5.50041e-05
6.14159e-09
5.50043e-05
4.95462e-09
5.50041e-05
3.91585e-09
3.056e-09
5.50038e-05
5.98561e-05
1.52722e-09
5.98559e-05
4.25394e-09
5.98557e-05
6.41708e-09
5.98557e-05
8.25486e-09
5.98559e-05
9.72123e-09
5.98565e-05
1.08685e-08
5.98573e-05
1.16396e-08
5.98584e-05
1.20889e-08
5.98596e-05
1.21824e-08
5.9861e-05
1.19684e-08
5.98625e-05
1.14564e-08
5.98639e-05
1.07052e-08
5.98652e-05
9.80114e-09
5.98663e-05
8.80038e-09
5.98673e-05
7.76388e-09
5.9868e-05
6.70144e-09
5.98685e-05
5.65147e-09
5.98688e-05
4.6834e-09
5.98688e-05
3.87375e-09
3.20134e-09
5.98687e-05
6.51474e-05
1.55044e-09
6.51474e-05
4.22754e-09
6.51475e-05
6.31209e-09
6.51479e-05
7.91611e-09
6.51485e-05
9.10758e-09
6.51493e-05
1.00106e-08
6.51504e-05
1.05533e-08
6.51517e-05
1.08012e-08
6.51531e-05
1.07659e-08
6.51546e-05
1.04892e-08
6.51561e-05
9.98983e-09
6.51575e-05
9.3182e-09
6.51587e-05
8.51692e-09
6.51599e-05
7.67458e-09
6.51608e-05
6.80787e-09
6.51616e-05
5.9528e-09
6.51621e-05
5.12761e-09
6.51624e-05
4.35244e-09
6.51626e-05
3.70679e-09
3.17408e-09
6.51626e-05
7.09064e-05
1.48212e-09
7.09067e-05
3.96506e-09
7.09071e-05
5.86507e-09
7.09078e-05
7.25661e-09
7.09087e-05
8.2191e-09
7.09098e-05
8.89544e-09
7.09111e-05
9.25571e-09
7.09125e-05
9.35336e-09
7.09141e-05
9.23215e-09
7.09156e-05
8.93596e-09
7.09171e-05
8.48586e-09
7.09185e-05
7.94225e-09
7.09197e-05
7.34619e-09
7.09207e-05
6.65873e-09
7.09216e-05
5.93435e-09
7.09223e-05
5.20591e-09
7.09229e-05
4.53281e-09
7.09233e-05
3.9143e-09
7.09236e-05
3.39336e-09
2.97775e-09
7.09238e-05
7.71745e-05
1.31823e-09
7.7175e-05
3.49824e-09
7.71757e-05
5.12624e-09
7.71767e-05
6.2873e-09
7.71778e-05
7.06164e-09
7.71792e-05
7.55821e-09
7.71806e-05
7.79129e-09
7.71822e-05
7.81097e-09
7.71838e-05
7.65118e-09
7.71853e-05
7.35659e-09
7.71869e-05
6.95545e-09
7.71883e-05
6.50551e-09
7.71896e-05
6.01205e-09
7.71908e-05
5.48976e-09
7.71918e-05
4.96412e-09
7.71926e-05
4.43837e-09
7.71931e-05
3.94358e-09
7.71936e-05
3.48815e-09
7.71939e-05
3.08136e-09
2.74064e-09
7.71941e-05
8.39967e-05
1.07118e-09
8.39973e-05
2.83172e-09
8.39983e-05
4.13376e-09
8.39996e-05
5.0574e-09
8.4001e-05
5.65434e-09
8.40025e-05
6.01324e-09
8.40041e-05
6.17476e-09
8.40058e-05
6.17795e-09
8.40074e-05
6.05351e-09
8.40089e-05
5.8378e-09
8.40103e-05
5.5461e-09
8.40116e-05
5.19978e-09
8.40128e-05
4.80782e-09
8.40139e-05
4.39173e-09
8.40149e-05
3.97318e-09
8.40158e-05
3.5631e-09
8.40165e-05
3.17682e-09
8.40172e-05
2.8295e-09
8.40178e-05
2.5227e-09
2.27364e-09
8.40182e-05
9.14219e-05
7.87974e-10
9.14227e-05
2.04244e-09
9.14238e-05
2.95694e-09
9.14253e-05
3.60703e-09
9.14269e-05
4.02851e-09
9.14286e-05
4.27802e-09
9.14304e-05
4.3908e-09
9.14322e-05
4.39663e-09
9.14339e-05
4.31497e-09
9.14356e-05
4.17107e-09
9.14372e-05
3.97837e-09
9.14386e-05
3.75067e-09
9.14399e-05
3.4966e-09
9.14411e-05
3.22723e-09
9.14421e-05
2.95386e-09
9.1443e-05
2.68492e-09
9.14438e-05
2.42317e-09
9.14444e-05
2.1804e-09
9.1445e-05
1.96009e-09
1.76907e-09
9.14455e-05
9.95035e-05
9.95046e-05
9.9506e-05
9.95076e-05
9.95095e-05
9.95114e-05
9.95133e-05
9.95152e-05
9.9517e-05
9.95188e-05
9.95204e-05
9.95219e-05
9.95233e-05
9.95246e-05
9.95257e-05
9.95267e-05
9.95275e-05
9.95282e-05
9.95288e-05
9.95293e-05
1.98532e-05
1.26053e-08
1.9839e-05
1.42543e-08
1.9823e-05
1.60297e-08
1.98052e-05
1.77187e-08
1.97861e-05
1.91247e-08
1.97659e-05
2.01866e-08
1.97449e-05
2.09805e-08
1.97234e-05
2.15825e-08
1.97013e-05
2.20708e-08
1.96788e-05
2.24819e-08
1.9656e-05
2.28009e-08
1.96329e-05
2.31128e-08
1.96095e-05
2.33839e-08
1.95858e-05
2.37091e-08
1.95617e-05
2.41011e-08
1.95371e-05
2.45526e-08
1.95121e-05
2.50917e-08
1.94864e-05
2.56332e-08
1.94602e-05
2.61711e-08
1.94335e-05
2.67155e-08
1.94064e-05
2.71789e-08
1.93787e-05
2.76709e-08
1.93506e-05
2.81275e-08
1.9322e-05
2.85573e-08
1.92929e-05
2.90794e-08
1.92634e-05
2.95133e-08
1.92334e-05
3.0042e-08
1.92028e-05
3.05821e-08
1.91717e-05
3.10801e-08
1.91401e-05
3.16475e-08
1.91079e-05
3.2157e-08
1.90753e-05
3.25896e-08
1.90421e-05
3.31802e-08
1.90085e-05
3.36428e-08
1.89742e-05
3.42704e-08
1.89393e-05
3.4899e-08
1.89039e-05
3.54359e-08
1.88679e-05
3.59985e-08
1.88313e-05
3.66294e-08
1.8794e-05
3.72658e-08
1.87559e-05
3.80433e-08
1.87173e-05
3.86195e-08
1.86781e-05
3.92328e-08
1.86382e-05
3.98757e-08
1.85979e-05
4.03286e-08
1.85569e-05
4.10069e-08
1.85153e-05
4.16242e-08
1.84733e-05
4.19447e-08
1.84305e-05
4.27599e-08
1.83866e-05
4.39523e-08
1.8342e-05
4.45548e-08
1.82964e-05
4.55983e-08
1.82494e-05
4.69956e-08
1.8202e-05
4.74891e-08
1.81543e-05
4.76414e-08
1.81061e-05
4.82479e-08
1.80578e-05
4.82494e-08
1.80099e-05
4.79225e-08
1.7961e-05
4.88607e-08
1.791e-05
5.10252e-08
1.78559e-05
5.40623e-08
1.77991e-05
5.68352e-08
1.77419e-05
5.71677e-08
1.76868e-05
5.51187e-08
1.76328e-05
5.39996e-08
1.7578e-05
5.4781e-08
1.75226e-05
5.54717e-08
1.74662e-05
5.63892e-08
1.74074e-05
5.87588e-08
1.73463e-05
6.10996e-08
1.72847e-05
6.15955e-08
1.72225e-05
6.22734e-08
1.71577e-05
6.47408e-08
1.70912e-05
6.64758e-08
1.70254e-05
6.58525e-08
1.69599e-05
6.55236e-08
1.68918e-05
6.81097e-08
1.68209e-05
7.08135e-08
1.67507e-05
7.0269e-08
1.66821e-05
6.85744e-08
1.6612e-05
7.00785e-08
1.65371e-05
7.49622e-08
1.64594e-05
7.76749e-08
1.63841e-05
7.53309e-08
1.63129e-05
7.11532e-08
1.62416e-05
7.13232e-08
1.61639e-05
7.76905e-08
1.60785e-05
8.53939e-08
1.59912e-05
8.72953e-08
1.59114e-05
7.97656e-08
1.58475e-05
6.39003e-08
1.58026e-05
4.49536e-08
1.57754e-05
2.71769e-08
1.57614e-05
1.40452e-08
1.5756e-05
5.35467e-09
1.57549e-05
1.11899e-09
1.5756e-05
-1.08064e-09
1.57571e-05
-1.14252e-09
1.57586e-05
-1.46154e-09
-3.20606e-10
2.16346e-05
9.73468e-09
2.1638e-05
1.08233e-08
2.16416e-05
1.23884e-08
2.16451e-05
1.42164e-08
2.16482e-05
1.60854e-08
2.16506e-05
1.77974e-08
2.16523e-05
1.92501e-08
2.16535e-05
2.04121e-08
2.16542e-05
2.13013e-08
2.16548e-05
2.19586e-08
2.16552e-05
2.23715e-08
2.16557e-05
2.26325e-08
2.16563e-05
2.27889e-08
2.1657e-05
2.29807e-08
2.16578e-05
2.3295e-08
2.16586e-05
2.37491e-08
2.16593e-05
2.43589e-08
2.16599e-05
2.50531e-08
2.16603e-05
2.57539e-08
2.16606e-05
2.64711e-08
2.16607e-05
2.70781e-08
2.16607e-05
2.76524e-08
2.16607e-05
2.81792e-08
2.16606e-05
2.8637e-08
2.16605e-05
2.9192e-08
2.16603e-05
2.96786e-08
2.16601e-05
3.02417e-08
2.16598e-05
3.08515e-08
2.16595e-05
3.14279e-08
2.16591e-05
3.20567e-08
2.16585e-05
3.26772e-08
2.1658e-05
3.3178e-08
2.16573e-05
3.38345e-08
2.16566e-05
3.4382e-08
2.16557e-05
3.50886e-08
2.16548e-05
3.58079e-08
2.16538e-05
3.64685e-08
2.16527e-05
3.70841e-08
2.16516e-05
3.77903e-08
2.16503e-05
3.85044e-08
2.1649e-05
3.93687e-08
2.16476e-05
4.00644e-08
2.1646e-05
4.07887e-08
2.16443e-05
4.1529e-08
2.16426e-05
4.20865e-08
2.16407e-05
4.28766e-08
2.16387e-05
4.36249e-08
2.16365e-05
4.41197e-08
2.16343e-05
4.50123e-08
2.16318e-05
4.63972e-08
2.16292e-05
4.72178e-08
2.16264e-05
4.83652e-08
2.16236e-05
4.97972e-08
2.16207e-05
5.04408e-08
2.16177e-05
5.06374e-08
2.16147e-05
5.12401e-08
2.16115e-05
5.14331e-08
2.1608e-05
5.14115e-08
2.16042e-05
5.26982e-08
2.15999e-05
5.53186e-08
2.1595e-05
5.88894e-08
2.159e-05
6.18286e-08
2.15853e-05
6.192e-08
2.15809e-05
5.95195e-08
2.15766e-05
5.82567e-08
2.15721e-05
5.93151e-08
2.15669e-05
6.06498e-08
2.15609e-05
6.23658e-08
2.15545e-05
6.5218e-08
2.15477e-05
6.788e-08
2.15406e-05
6.86718e-08
2.15332e-05
6.9656e-08
2.15258e-05
7.22376e-08
2.15182e-05
7.40167e-08
2.15105e-05
7.36033e-08
2.15024e-05
7.35545e-08
2.14942e-05
7.63349e-08
2.14858e-05
7.92057e-08
2.14771e-05
7.89694e-08
2.14679e-05
7.78225e-08
2.14583e-05
7.96683e-08
2.14484e-05
8.48845e-08
2.14381e-05
8.78813e-08
2.14275e-05
8.59641e-08
2.14167e-05
8.19614e-08
2.1406e-05
8.20626e-08
2.13951e-05
8.85441e-08
2.13836e-05
9.69136e-08
2.13716e-05
9.93207e-08
2.13605e-05
9.08643e-08
2.13532e-05
7.11993e-08
2.1352e-05
4.60948e-08
2.13585e-05
2.07453e-08
2.13717e-05
8.23136e-10
2.13902e-05
-1.31819e-08
2.14104e-05
-1.90854e-08
2.14305e-05
-2.12013e-08
2.14469e-05
-1.75502e-08
2.14613e-05
-1.57794e-08
-8.62184e-09
2.35505e-05
8.08065e-09
2.35527e-05
8.66748e-09
2.35553e-05
9.77172e-09
2.35582e-05
1.13034e-08
2.35612e-05
1.31134e-08
2.3564e-05
1.5025e-08
2.35664e-05
1.68686e-08
2.35683e-05
1.84969e-08
2.35697e-05
1.98218e-08
2.35709e-05
2.08151e-08
2.35718e-05
2.14654e-08
2.35726e-05
2.18362e-08
2.35734e-05
2.1994e-08
2.35743e-05
2.20839e-08
2.35753e-05
2.22505e-08
2.35765e-05
2.25722e-08
2.35778e-05
2.31012e-08
2.3579e-05
2.37996e-08
2.35802e-05
2.45751e-08
2.35813e-05
2.54048e-08
2.35822e-05
2.61535e-08
2.3583e-05
2.68268e-08
2.35838e-05
2.74238e-08
2.35845e-05
2.78919e-08
2.35853e-05
2.84154e-08
2.35861e-05
2.88812e-08
2.35869e-05
2.94015e-08
2.35878e-05
2.99885e-08
2.35886e-05
3.057e-08
2.35895e-05
3.12018e-08
2.35903e-05
3.18688e-08
2.35911e-05
3.23998e-08
2.35919e-05
3.30398e-08
2.35927e-05
3.3613e-08
2.35934e-05
3.42981e-08
2.35942e-05
3.50169e-08
2.3595e-05
3.56983e-08
2.35958e-05
3.6297e-08
2.35966e-05
3.69611e-08
2.35975e-05
3.76585e-08
2.35983e-05
3.84854e-08
2.35992e-05
3.92314e-08
2.36e-05
3.99541e-08
2.36009e-05
4.06899e-08
2.36017e-05
4.12828e-08
2.36025e-05
4.20795e-08
2.36032e-05
4.28398e-08
2.3604e-05
4.34098e-08
2.36048e-05
4.42114e-08
2.36056e-05
4.55109e-08
2.36065e-05
4.63912e-08
2.36074e-05
4.74205e-08
2.36085e-05
4.86783e-08
2.36096e-05
4.94071e-08
2.36105e-05
4.97222e-08
2.36114e-05
5.03467e-08
2.3612e-05
5.07802e-08
2.36124e-05
5.10025e-08
2.3613e-05
5.21772e-08
2.36139e-05
5.44175e-08
2.36153e-05
5.74662e-08
2.36171e-05
6.00157e-08
2.36187e-05
6.03202e-08
2.36195e-05
5.86733e-08
2.362e-05
5.78433e-08
2.36203e-05
5.89386e-08
2.36206e-05
6.03439e-08
2.36209e-05
6.21014e-08
2.36215e-05
6.46079e-08
2.36224e-05
6.70015e-08
2.36231e-05
6.79644e-08
2.36237e-05
6.90027e-08
2.36248e-05
7.11431e-08
2.36261e-05
7.2711e-08
2.3627e-05
7.26997e-08
2.36277e-05
7.29162e-08
2.36289e-05
7.51569e-08
2.36304e-05
7.7624e-08
2.36316e-05
7.7831e-08
2.3632e-05
7.74135e-08
2.36327e-05
7.8965e-08
2.36344e-05
8.32172e-08
2.36364e-05
8.58519e-08
2.36375e-05
8.48404e-08
2.36376e-05
8.19194e-08
2.36377e-05
8.19235e-08
2.36394e-05
8.68791e-08
2.36428e-05
9.35083e-08
2.3647e-05
9.50607e-08
2.36506e-05
8.72522e-08
2.36527e-05
6.91156e-08
2.36533e-05
4.55635e-08
2.36529e-05
2.10977e-08
2.36524e-05
1.29992e-09
2.36516e-05
-1.23322e-08
2.3651e-05
-1.84679e-08
2.36505e-05
-2.07648e-08
2.36504e-05
-1.73812e-08
2.36502e-05
-1.56694e-08
-8.76291e-09
2.5636e-05
6.2043e-09
2.56381e-05
6.58061e-09
2.56404e-05
7.48621e-09
2.56428e-05
8.87809e-09
2.56453e-05
1.06427e-08
2.56477e-05
1.26221e-08
2.56499e-05
1.46352e-08
2.56519e-05
1.65068e-08
2.56536e-05
1.81023e-08
2.56551e-05
1.93521e-08
2.56563e-05
2.02367e-08
2.56574e-05
2.07927e-08
2.56583e-05
2.10818e-08
2.56592e-05
2.12126e-08
2.56601e-05
2.13302e-08
2.56611e-05
2.15529e-08
2.56622e-05
2.19644e-08
2.56634e-05
2.2579e-08
2.56647e-05
2.33335e-08
2.56659e-05
2.41869e-08
2.5667e-05
2.50442e-08
2.5668e-05
2.58301e-08
2.56689e-05
2.65411e-08
2.56697e-05
2.70857e-08
2.56705e-05
2.76008e-08
2.56713e-05
2.80582e-08
2.56722e-05
2.85345e-08
2.56731e-05
2.9058e-08
2.56741e-05
2.96287e-08
2.5675e-05
3.02405e-08
2.5676e-05
3.0932e-08
2.56769e-05
3.15179e-08
2.56777e-05
3.21484e-08
2.56786e-05
3.27492e-08
2.56795e-05
3.34277e-08
2.56804e-05
3.41294e-08
2.56813e-05
3.48163e-08
2.56821e-05
3.54126e-08
2.56831e-05
3.60178e-08
2.5684e-05
3.66919e-08
2.5685e-05
3.74871e-08
2.5686e-05
3.82749e-08
2.5687e-05
3.89849e-08
2.5688e-05
3.97089e-08
2.56889e-05
4.03211e-08
2.56899e-05
4.11055e-08
2.56909e-05
4.1871e-08
2.56917e-05
4.25273e-08
2.56927e-05
4.32312e-08
2.56938e-05
4.43907e-08
2.56949e-05
4.53731e-08
2.5696e-05
4.63279e-08
2.56973e-05
4.73365e-08
2.56986e-05
4.81141e-08
2.56997e-05
4.8643e-08
2.57008e-05
4.92254e-08
2.57018e-05
4.97221e-08
2.57026e-05
5.02203e-08
2.57034e-05
5.14461e-08
2.57045e-05
5.33091e-08
2.57063e-05
5.56667e-08
2.57086e-05
5.76766e-08
2.57108e-05
5.81703e-08
2.5712e-05
5.74453e-08
2.57126e-05
5.72564e-08
2.57132e-05
5.83344e-08
2.5714e-05
5.95394e-08
2.57149e-05
6.11889e-08
2.57161e-05
6.34149e-08
2.57176e-05
6.55189e-08
2.5719e-05
6.65386e-08
2.57204e-05
6.76419e-08
2.5722e-05
6.94867e-08
2.57239e-05
7.081e-08
2.57256e-05
7.0979e-08
2.57271e-05
7.14432e-08
2.57289e-05
7.3384e-08
2.5731e-05
7.547e-08
2.57331e-05
7.57671e-08
2.57347e-05
7.57856e-08
2.57364e-05
7.73009e-08
2.57387e-05
8.08744e-08
2.57416e-05
8.30268e-08
2.5744e-05
8.23504e-08
2.57458e-05
8.0195e-08
2.57474e-05
8.03418e-08
2.57499e-05
8.43047e-08
2.57541e-05
8.93357e-08
2.57594e-05
8.97341e-08
2.57647e-05
8.20013e-08
2.57685e-05
6.53125e-08
2.57699e-05
4.40931e-08
2.57687e-05
2.22971e-08
2.57655e-05
4.58847e-09
2.57616e-05
-8.46114e-09
2.57578e-05
-1.4693e-08
2.57546e-05
-1.75931e-08
2.57525e-05
-1.52057e-08
2.5751e-05
-1.41722e-08
-8.33348e-09
2.79059e-05
4.37173e-09
2.79079e-05
4.57358e-09
2.79099e-05
5.48538e-09
2.79119e-05
6.87672e-09
2.79139e-05
8.63943e-09
2.79159e-05
1.06425e-08
2.79178e-05
1.26962e-08
2.79197e-05
1.46352e-08
2.79214e-05
1.63349e-08
2.79231e-05
1.77177e-08
2.79246e-05
1.87623e-08
2.79259e-05
1.94815e-08
2.7927e-05
1.99307e-08
2.7928e-05
2.01833e-08
2.7929e-05
2.03606e-08
2.793e-05
2.05786e-08
2.7931e-05
2.09305e-08
2.79321e-05
2.14612e-08
2.79333e-05
2.21457e-08
2.79346e-05
2.29533e-08
2.79358e-05
2.38235e-08
2.79369e-05
2.46715e-08
2.7938e-05
2.54776e-08
2.7939e-05
2.61279e-08
2.79399e-05
2.66922e-08
2.79408e-05
2.71648e-08
2.79417e-05
2.76267e-08
2.79426e-05
2.81193e-08
2.79436e-05
2.86526e-08
2.79446e-05
2.92332e-08
2.79456e-05
2.99089e-08
2.79466e-05
3.0518e-08
2.79476e-05
3.11657e-08
2.79486e-05
3.17899e-08
2.79495e-05
3.24609e-08
2.79505e-05
3.3184e-08
2.79514e-05
3.38639e-08
2.79524e-05
3.44452e-08
2.79534e-05
3.50072e-08
2.79545e-05
3.56381e-08
2.79555e-05
3.64071e-08
2.79566e-05
3.7226e-08
2.79576e-05
3.79261e-08
2.79587e-05
3.86545e-08
2.79597e-05
3.92735e-08
2.79608e-05
4.00374e-08
2.79618e-05
4.08341e-08
2.79629e-05
4.15234e-08
2.79639e-05
4.21448e-08
2.79651e-05
4.32162e-08
2.79663e-05
4.42214e-08
2.79675e-05
4.50828e-08
2.79689e-05
4.59898e-08
2.79702e-05
4.67936e-08
2.79714e-05
4.73848e-08
2.79727e-05
4.80044e-08
2.79737e-05
4.86666e-08
2.79746e-05
4.92885e-08
2.79757e-05
5.03809e-08
2.79771e-05
5.19251e-08
2.79789e-05
5.38261e-08
2.7981e-05
5.55614e-08
2.7983e-05
5.62599e-08
2.79843e-05
5.6063e-08
2.79855e-05
5.6138e-08
2.79865e-05
5.72594e-08
2.79875e-05
5.85391e-08
2.79886e-05
6.01268e-08
2.799e-05
6.20352e-08
2.79916e-05
6.39423e-08
2.7993e-05
6.50832e-08
2.79945e-05
6.61284e-08
2.79964e-05
6.75904e-08
2.79984e-05
6.87828e-08
2.80002e-05
6.92507e-08
2.80018e-05
6.98523e-08
2.80038e-05
7.13213e-08
2.80062e-05
7.3054e-08
2.80084e-05
7.36474e-08
2.801e-05
7.41365e-08
2.80119e-05
7.54485e-08
2.80146e-05
7.81494e-08
2.80177e-05
7.98828e-08
2.80204e-05
7.96976e-08
2.80221e-05
7.84661e-08
2.80237e-05
7.87298e-08
2.80266e-05
8.14368e-08
2.80314e-05
8.45411e-08
2.80373e-05
8.38695e-08
2.80424e-05
7.68159e-08
2.80453e-05
6.24047e-08
2.80457e-05
4.37521e-08
2.8044e-05
2.39384e-08
2.80415e-05
7.13495e-09
2.80382e-05
-5.14499e-09
2.80351e-05
-1.15838e-08
2.80323e-05
-1.48579e-08
2.80304e-05
-1.32737e-08
2.80289e-05
-1.26627e-08
-7.68761e-09
3.03776e-05
3.21523e-09
3.03788e-05
3.34429e-09
3.03802e-05
4.06214e-09
3.03818e-05
5.32804e-09
3.03834e-05
7.00505e-09
3.03851e-05
8.94313e-09
3.03869e-05
1.09595e-08
3.03886e-05
1.28807e-08
3.03903e-05
1.46018e-08
3.0392e-05
1.60245e-08
3.03936e-05
1.71544e-08
3.03951e-05
1.79904e-08
3.03965e-05
1.85842e-08
3.03977e-05
1.89959e-08
3.03987e-05
1.92917e-08
3.03998e-05
1.95633e-08
3.04008e-05
1.99004e-08
3.04019e-05
2.03881e-08
3.0403e-05
2.10231e-08
3.04042e-05
2.17592e-08
3.04054e-05
2.25962e-08
3.04066e-05
2.34373e-08
3.04078e-05
2.42792e-08
3.04089e-05
2.50208e-08
3.041e-05
2.56441e-08
3.0411e-05
2.61504e-08
3.0412e-05
2.66272e-08
3.0413e-05
2.71312e-08
3.0414e-05
2.76543e-08
3.0415e-05
2.82019e-08
3.04161e-05
2.8844e-08
3.04172e-05
2.94366e-08
3.04183e-05
3.00687e-08
3.04193e-05
3.0714e-08
3.04204e-05
3.13823e-08
3.04215e-05
3.21446e-08
3.04225e-05
3.28539e-08
3.04235e-05
3.34174e-08
3.04246e-05
3.39257e-08
3.04257e-05
3.4522e-08
3.04268e-05
3.52662e-08
3.0428e-05
3.6105e-08
3.04291e-05
3.67719e-08
3.04303e-05
3.74875e-08
3.04314e-05
3.81555e-08
3.04326e-05
3.88795e-08
3.04337e-05
3.96524e-08
3.04349e-05
4.04074e-08
3.0436e-05
4.09784e-08
3.04373e-05
4.1901e-08
3.04386e-05
4.2969e-08
3.04398e-05
4.38325e-08
3.04412e-05
4.46015e-08
3.04426e-05
4.54108e-08
3.04439e-05
4.61394e-08
3.04451e-05
4.67222e-08
3.04465e-05
4.73368e-08
3.04477e-05
4.80564e-08
3.04489e-05
4.91495e-08
3.04504e-05
5.0488e-08
3.04522e-05
5.20216e-08
3.04542e-05
5.3481e-08
3.04563e-05
5.42168e-08
3.04579e-05
5.44587e-08
3.04591e-05
5.49444e-08
3.04602e-05
5.61321e-08
3.04615e-05
5.72721e-08
3.04629e-05
5.87132e-08
3.04644e-05
6.05012e-08
3.04661e-05
6.22291e-08
3.04679e-05
6.32912e-08
3.04698e-05
6.43009e-08
3.04717e-05
6.56932e-08
3.04736e-05
6.67955e-08
3.04757e-05
6.72428e-08
3.04776e-05
6.78692e-08
3.04797e-05
6.9246e-08
3.04819e-05
7.08671e-08
3.04841e-05
7.14562e-08
3.04863e-05
7.19539e-08
3.04886e-05
7.31453e-08
3.04912e-05
7.54988e-08
3.0494e-05
7.7118e-08
3.04966e-05
7.70613e-08
3.0499e-05
7.60908e-08
3.05016e-05
7.61452e-08
3.05049e-05
7.81155e-08
3.05091e-05
8.03176e-08
3.05139e-05
7.91002e-08
3.05186e-05
7.21002e-08
3.05223e-05
5.8742e-08
3.05241e-05
4.19561e-08
3.05234e-05
2.46244e-08
3.05206e-05
9.91668e-09
3.05169e-05
-1.42675e-09
3.05132e-05
-7.8936e-09
3.05099e-05
-1.15979e-08
3.05076e-05
-1.09346e-08
3.05059e-05
-1.09178e-08
-7.04242e-09
3.30681e-05
2.47814e-09
3.30689e-05
2.55851e-09
3.30697e-05
3.20519e-09
3.30707e-05
4.3331e-09
3.30719e-05
5.83784e-09
3.30732e-05
7.57782e-09
3.30747e-05
9.48952e-09
3.30763e-05
1.12971e-08
3.3078e-05
1.29433e-08
3.30796e-05
1.43512e-08
3.30813e-05
1.55116e-08
3.30828e-05
1.64402e-08
3.30843e-05
1.71376e-08
3.30856e-05
1.76782e-08
3.30868e-05
1.80986e-08
3.30879e-05
1.84791e-08
3.30889e-05
1.88746e-08
3.30899e-05
1.93327e-08
3.3091e-05
1.99264e-08
3.30922e-05
2.05969e-08
3.30934e-05
2.13678e-08
3.30947e-05
2.21748e-08
3.3096e-05
2.30014e-08
3.30972e-05
2.38044e-08
3.30983e-05
2.44944e-08
3.30995e-05
2.50296e-08
3.31006e-05
2.55095e-08
3.31017e-05
2.60306e-08
3.31027e-05
2.65775e-08
3.31038e-05
2.71392e-08
3.31049e-05
2.77669e-08
3.3106e-05
2.83244e-08
3.31072e-05
2.88902e-08
3.31084e-05
2.95199e-08
3.31096e-05
3.01805e-08
3.31107e-05
3.0982e-08
3.31118e-05
3.1756e-08
3.31129e-05
3.23243e-08
3.31141e-05
3.27642e-08
3.31153e-05
3.33016e-08
3.31165e-05
3.4037e-08
3.31178e-05
3.48878e-08
3.3119e-05
3.55131e-08
3.31203e-05
3.61856e-08
3.31216e-05
3.69119e-08
3.31228e-05
3.76559e-08
3.3124e-05
3.84036e-08
3.31253e-05
3.91668e-08
3.31265e-05
3.97159e-08
3.31279e-05
4.05377e-08
3.31293e-05
4.15957e-08
3.31307e-05
4.24037e-08
3.31322e-05
4.31074e-08
3.31337e-05
4.39414e-08
3.31351e-05
4.46985e-08
3.31365e-05
4.5295e-08
3.31379e-05
4.60087e-08
3.31391e-05
4.6789e-08
3.31405e-05
4.77686e-08
3.31421e-05
4.89279e-08
3.31439e-05
5.01476e-08
3.31461e-05
5.13636e-08
3.31481e-05
5.2209e-08
3.31497e-05
5.27877e-08
3.31513e-05
5.33966e-08
3.31529e-05
5.45456e-08
3.31544e-05
5.5771e-08
3.31559e-05
5.71861e-08
3.31577e-05
5.87355e-08
3.31596e-05
6.02609e-08
3.31615e-05
6.14291e-08
3.31634e-05
6.24385e-08
3.31655e-05
6.35488e-08
3.31678e-05
6.44844e-08
3.31699e-05
6.51483e-08
3.31718e-05
6.59473e-08
3.3174e-05
6.70336e-08
3.31766e-05
6.82697e-08
3.31791e-05
6.89666e-08
3.31813e-05
6.97906e-08
3.31835e-05
7.0973e-08
3.31863e-05
7.26996e-08
3.31895e-05
7.3848e-08
3.31927e-05
7.39287e-08
3.31952e-05
7.35911e-08
3.31975e-05
7.3852e-08
3.32005e-05
7.50351e-08
3.32051e-05
7.57463e-08
3.32106e-05
7.35681e-08
3.32156e-05
6.71253e-08
3.32185e-05
5.58598e-08
3.3219e-05
4.1466e-08
3.32176e-05
2.59768e-08
3.32154e-05
1.21778e-08
3.32127e-05
1.25832e-09
3.32099e-05
-5.06316e-09
3.32073e-05
-8.99695e-09
3.32053e-05
-8.98633e-09
3.32037e-05
-9.30674e-09
-6.25036e-09
3.59962e-05
1.97246e-09
3.59967e-05
2.09656e-09
3.59972e-05
2.7176e-09
3.59978e-05
3.77188e-09
3.59984e-05
5.14112e-09
3.59994e-05
6.66512e-09
3.60006e-05
8.27636e-09
3.60019e-05
9.93309e-09
3.60035e-05
1.14265e-08
3.60051e-05
1.27492e-08
3.60067e-05
1.38797e-08
3.60083e-05
1.48518e-08
3.60098e-05
1.56499e-08
3.60111e-05
1.63134e-08
3.60124e-05
1.68375e-08
3.60136e-05
1.7306e-08
3.60147e-05
1.77854e-08
3.60157e-05
1.82627e-08
3.60168e-05
1.88198e-08
3.6018e-05
1.94398e-08
3.60192e-05
2.01408e-08
3.60205e-05
2.08984e-08
3.60218e-05
2.17063e-08
3.60231e-05
2.25186e-08
3.60243e-05
2.32391e-08
3.60255e-05
2.38115e-08
3.60268e-05
2.42876e-08
3.6028e-05
2.48152e-08
3.60292e-05
2.53776e-08
3.60303e-05
2.59741e-08
3.60315e-05
2.66414e-08
3.60326e-05
2.71934e-08
3.60338e-05
2.7653e-08
3.60351e-05
2.82122e-08
3.60365e-05
2.88561e-08
3.60378e-05
2.96709e-08
3.6039e-05
3.05219e-08
3.60402e-05
3.11613e-08
3.60414e-05
3.1542e-08
3.60427e-05
3.19801e-08
3.60441e-05
3.27055e-08
3.60453e-05
3.36051e-08
3.60466e-05
3.42119e-08
3.60481e-05
3.47645e-08
3.60495e-05
3.54711e-08
3.60509e-05
3.62895e-08
3.60522e-05
3.7059e-08
3.60536e-05
3.77665e-08
3.6055e-05
3.8285e-08
3.60566e-05
3.90222e-08
3.60581e-05
4.00928e-08
3.60595e-05
4.09291e-08
3.60611e-05
4.15681e-08
3.60626e-05
4.24144e-08
3.6064e-05
4.32657e-08
3.60655e-05
4.38134e-08
3.60671e-05
4.44107e-08
3.60687e-05
4.51885e-08
3.60703e-05
4.61367e-08
3.60721e-05
4.72049e-08
3.60739e-05
4.82825e-08
3.60759e-05
4.93662e-08
3.6078e-05
5.01711e-08
3.60799e-05
5.08918e-08
3.60815e-05
5.17149e-08
3.60832e-05
5.29133e-08
3.60849e-05
5.40297e-08
3.60868e-05
5.52638e-08
3.60888e-05
5.67475e-08
3.60909e-05
5.82049e-08
3.60931e-05
5.92675e-08
3.60953e-05
6.01564e-08
3.60976e-05
6.12595e-08
3.60999e-05
6.22528e-08
3.61021e-05
6.28824e-08
3.61045e-05
6.3555e-08
3.6107e-05
6.45568e-08
3.61094e-05
6.58173e-08
3.61118e-05
6.65915e-08
3.61143e-05
6.72678e-08
3.61171e-05
6.81888e-08
3.61202e-05
6.96194e-08
3.61232e-05
7.08217e-08
3.6126e-05
7.11091e-08
3.61288e-05
7.08143e-08
3.6132e-05
7.06586e-08
3.61359e-05
7.1148e-08
3.61403e-05
7.13472e-08
3.61447e-05
6.91577e-08
3.61488e-05
6.30541e-08
3.6152e-05
5.2608e-08
3.61539e-05
3.95634e-08
3.61539e-05
2.60254e-08
3.6152e-05
1.40802e-08
3.61488e-05
4.47863e-09
3.61455e-05
-1.76458e-09
3.61424e-05
-5.88858e-09
3.614e-05
-6.66635e-09
3.61382e-05
-7.43693e-09
-5.43082e-09
3.91828e-05
1.68445e-09
3.91831e-05
1.80955e-09
3.91834e-05
2.44856e-09
3.91837e-05
3.44603e-09
3.91842e-05
4.68367e-09
3.91848e-05
6.07189e-09
3.91856e-05
7.46894e-09
3.91867e-05
8.81181e-09
3.9188e-05
1.00807e-08
3.91895e-05
1.13046e-08
3.9191e-05
1.23523e-08
3.91926e-05
1.32884e-08
3.91941e-05
1.41402e-08
3.91955e-05
1.49061e-08
3.91968e-05
1.55496e-08
3.9198e-05
1.61033e-08
3.91991e-05
1.66346e-08
3.92002e-05
1.71478e-08
3.92014e-05
1.76818e-08
3.92026e-05
1.82538e-08
3.92038e-05
1.89053e-08
3.92051e-05
1.96032e-08
3.92064e-05
2.03806e-08
3.92078e-05
2.11706e-08
3.92091e-05
2.19013e-08
3.92104e-05
2.2538e-08
3.92117e-05
2.29911e-08
3.9213e-05
2.3473e-08
3.92143e-05
2.40693e-08
3.92156e-05
2.46972e-08
3.92168e-05
2.54257e-08
3.9218e-05
2.60096e-08
3.92192e-05
2.64092e-08
3.92206e-05
2.68647e-08
3.9222e-05
2.74238e-08
3.92235e-05
2.82276e-08
3.92248e-05
2.9144e-08
3.92261e-05
2.98728e-08
3.92274e-05
3.02603e-08
3.92288e-05
3.05586e-08
3.92303e-05
3.12155e-08
3.92318e-05
3.21785e-08
3.92331e-05
3.28225e-08
3.92346e-05
3.32807e-08
3.92362e-05
3.38834e-08
3.92378e-05
3.47082e-08
3.92392e-05
3.56217e-08
3.92407e-05
3.63381e-08
3.92422e-05
3.6731e-08
3.92438e-05
3.74018e-08
3.92454e-05
3.8494e-08
3.92471e-05
3.92692e-08
3.92489e-05
3.98049e-08
3.92506e-05
4.06617e-08
3.92523e-05
4.15789e-08
3.9254e-05
4.21563e-08
3.92556e-05
4.27756e-08
3.92572e-05
4.35879e-08
3.92589e-05
4.44619e-08
3.92607e-05
4.54111e-08
3.92626e-05
4.63302e-08
3.92647e-05
4.72291e-08
3.92669e-05
4.80169e-08
3.92689e-05
4.88784e-08
3.92709e-05
4.97789e-08
3.92729e-05
5.08958e-08
3.92749e-05
5.20307e-08
3.92769e-05
5.32501e-08
3.92791e-05
5.45687e-08
3.92814e-05
5.58303e-08
3.92838e-05
5.69209e-08
3.92861e-05
5.78661e-08
3.92885e-05
5.88077e-08
3.92912e-05
5.9624e-08
3.92937e-05
6.03268e-08
3.92961e-05
6.11696e-08
3.92986e-05
6.20847e-08
3.93013e-05
6.30344e-08
3.93042e-05
6.37127e-08
3.9307e-05
6.45089e-08
3.93096e-05
6.55266e-08
3.93126e-05
6.66648e-08
3.9316e-05
6.74736e-08
3.93195e-05
6.76044e-08
3.93227e-05
6.75458e-08
3.93258e-05
6.76089e-08
3.93292e-05
6.77645e-08
3.93334e-05
6.70701e-08
3.93384e-05
6.41756e-08
3.93431e-05
5.83977e-08
3.9346e-05
4.96338e-08
3.93469e-05
3.87187e-08
3.93459e-05
2.69694e-08
3.93441e-05
1.59476e-08
3.93418e-05
6.77388e-09
3.93395e-05
5.16928e-10
3.93371e-05
-3.52989e-09
3.93353e-05
-4.8182e-09
3.93337e-05
-5.79824e-09
-4.52275e-09
4.26506e-05
1.56771e-09
4.26508e-05
1.65732e-09
4.2651e-05
2.20039e-09
4.26513e-05
3.16358e-09
4.26516e-05
4.37515e-09
4.26521e-05
5.6185e-09
4.26527e-05
6.87505e-09
4.26534e-05
8.03345e-09
4.26544e-05
9.08468e-09
4.26557e-05
1.00181e-08
4.26571e-05
1.09738e-08
4.26585e-05
1.18414e-08
4.266e-05
1.26535e-08
4.26615e-05
1.34655e-08
4.26628e-05
1.42157e-08
4.2664e-05
1.48838e-08
4.26652e-05
1.54507e-08
4.26664e-05
1.59953e-08
4.26675e-05
1.65155e-08
4.26687e-05
1.70333e-08
4.267e-05
1.76402e-08
4.26713e-05
1.82736e-08
4.26727e-05
1.90164e-08
4.26741e-05
1.98021e-08
4.26755e-05
2.05191e-08
4.26768e-05
2.11981e-08
4.26781e-05
2.16606e-08
4.26795e-05
2.20651e-08
4.2681e-05
2.26403e-08
4.26824e-05
2.32731e-08
4.26838e-05
2.40503e-08
4.2685e-05
2.47438e-08
4.26863e-05
2.51225e-08
4.26877e-05
2.54861e-08
4.26892e-05
2.5911e-08
4.26908e-05
2.66517e-08
4.26923e-05
2.76122e-08
4.26938e-05
2.84149e-08
4.26951e-05
2.88968e-08
4.26966e-05
2.91268e-08
4.26982e-05
2.96003e-08
4.26998e-05
3.05972e-08
4.27012e-05
3.13579e-08
4.27028e-05
3.17436e-08
4.27044e-05
3.22039e-08
4.27062e-05
3.29315e-08
4.27079e-05
3.39316e-08
4.27095e-05
3.47773e-08
4.27112e-05
3.50337e-08
4.27131e-05
3.551e-08
4.27149e-05
3.6694e-08
4.27166e-05
3.75745e-08
4.27183e-05
3.80172e-08
4.27202e-05
3.8826e-08
4.27219e-05
3.98366e-08
4.27237e-05
4.04247e-08
4.27255e-05
4.08912e-08
4.27275e-05
4.16246e-08
4.27295e-05
4.2477e-08
4.27315e-05
4.33627e-08
4.27336e-05
4.42324e-08
4.27357e-05
4.51358e-08
4.27378e-05
4.58971e-08
4.274e-05
4.66879e-08
4.27422e-05
4.76489e-08
4.27442e-05
4.88206e-08
4.27464e-05
4.98667e-08
4.27488e-05
5.08638e-08
4.27513e-05
5.20943e-08
4.27537e-05
5.33607e-08
4.27563e-05
5.43685e-08
4.2759e-05
5.5158e-08
4.27617e-05
5.6053e-08
4.27644e-05
5.6977e-08
4.2767e-05
5.77012e-08
4.27698e-05
5.83967e-08
4.27727e-05
5.91778e-08
4.27756e-05
6.01431e-08
4.27784e-05
6.09414e-08
4.27812e-05
6.16358e-08
4.27844e-05
6.23625e-08
4.27879e-05
6.31933e-08
4.27913e-05
6.40095e-08
4.27946e-05
6.43623e-08
4.27978e-05
6.43498e-08
4.28014e-05
6.40295e-08
4.28055e-05
6.35847e-08
4.281e-05
6.25576e-08
4.28143e-05
5.99268e-08
4.28179e-05
5.47544e-08
4.28208e-05
4.68149e-08
4.28226e-05
3.68645e-08
4.28231e-05
2.65084e-08
4.2822e-05
1.6981e-08
4.28198e-05
9.05888e-09
4.2817e-05
3.31903e-09
4.28142e-05
-7.38141e-10
4.2812e-05
-2.62767e-09
4.28101e-05
-3.90243e-09
-3.56722e-09
4.64248e-05
1.78753e-09
4.64248e-05
1.71725e-09
4.64249e-05
2.11556e-09
4.64251e-05
2.93628e-09
4.64254e-05
4.02308e-09
4.64258e-05
5.21633e-09
4.64263e-05
6.38214e-09
4.6427e-05
7.38834e-09
4.64277e-05
8.31554e-09
4.64287e-05
9.09815e-09
4.64298e-05
9.80262e-09
4.64311e-05
1.05391e-08
4.64325e-05
1.12821e-08
4.64339e-05
1.20578e-08
4.64353e-05
1.28195e-08
4.64366e-05
1.35922e-08
4.64378e-05
1.42554e-08
4.6439e-05
1.48072e-08
4.64402e-05
1.53526e-08
4.64414e-05
1.58004e-08
4.64427e-05
1.63455e-08
4.6444e-05
1.69185e-08
4.64455e-05
1.75758e-08
4.64469e-05
1.83781e-08
4.64483e-05
1.90852e-08
4.64497e-05
1.97903e-08
4.64511e-05
2.0296e-08
4.64525e-05
2.06351e-08
4.64541e-05
2.11259e-08
4.64556e-05
2.1715e-08
4.64572e-05
2.25086e-08
4.64586e-05
2.33182e-08
4.64599e-05
2.37577e-08
4.64613e-05
2.40798e-08
4.64629e-05
2.43933e-08
4.64645e-05
2.49774e-08
4.64662e-05
2.594e-08
4.64678e-05
2.68082e-08
4.64693e-05
2.73805e-08
4.64708e-05
2.76318e-08
4.64725e-05
2.78873e-08
4.64743e-05
2.87986e-08
4.6476e-05
2.97269e-08
4.64776e-05
3.01066e-08
4.64794e-05
3.04618e-08
4.64813e-05
3.10267e-08
4.64832e-05
3.1972e-08
4.64849e-05
3.30741e-08
4.64866e-05
3.34014e-08
4.64885e-05
3.35702e-08
4.64905e-05
3.46885e-08
4.64924e-05
3.57104e-08
4.64944e-05
3.60214e-08
4.64965e-05
3.66566e-08
4.64986e-05
3.77278e-08
4.65006e-05
3.84374e-08
4.65026e-05
3.89201e-08
4.65046e-05
3.96211e-08
4.65066e-05
4.04419e-08
4.65087e-05
4.12703e-08
4.65109e-05
4.20259e-08
4.65132e-05
4.28249e-08
4.65156e-05
4.35785e-08
4.65179e-05
4.43423e-08
4.65203e-05
4.5243e-08
4.65228e-05
4.6363e-08
4.65252e-05
4.7428e-08
4.65277e-05
4.83764e-08
4.65303e-05
4.94522e-08
4.65331e-05
5.0567e-08
4.6536e-05
5.15496e-08
4.65387e-05
5.23845e-08
4.65416e-05
5.32108e-08
4.65446e-05
5.39936e-08
4.65476e-05
5.46779e-08
4.65505e-05
5.54539e-08
4.65534e-05
5.62652e-08
4.65565e-05
5.70634e-08
4.65598e-05
5.76953e-08
4.65631e-05
5.83242e-08
4.65663e-05
5.90988e-08
4.65697e-05
5.98623e-08
4.65732e-05
6.04582e-08
4.6577e-05
6.05843e-08
4.65808e-05
6.05164e-08
4.65846e-05
6.02924e-08
4.65883e-05
5.98307e-08
4.65924e-05
5.84588e-08
4.65969e-05
5.54872e-08
4.66011e-05
5.04939e-08
4.66042e-05
4.37379e-08
4.66055e-05
3.55353e-08
4.66052e-05
2.68459e-08
4.66038e-05
1.83275e-08
4.6602e-05
1.09219e-08
4.66001e-05
5.22272e-09
4.65982e-05
1.17874e-09
4.65965e-05
-9.89389e-10
4.6595e-05
-2.35822e-09
-2.59332e-09
5.05327e-05
2.22135e-09
5.05324e-05
2.07074e-09
5.05322e-05
2.30328e-09
5.05323e-05
2.8487e-09
5.05325e-05
3.7489e-09
5.0533e-05
4.77578e-09
5.05335e-05
5.84644e-09
5.05341e-05
6.81848e-09
5.05348e-05
7.61743e-09
5.05355e-05
8.33326e-09
5.05364e-05
8.91618e-09
5.05375e-05
9.5023e-09
5.05387e-05
1.0056e-08
5.054e-05
1.07532e-08
5.05413e-05
1.1468e-08
5.05427e-05
1.21996e-08
5.0544e-05
1.29824e-08
5.05452e-05
1.35919e-08
5.05464e-05
1.41577e-08
5.05476e-05
1.46055e-08
5.05489e-05
1.5032e-08
5.05503e-05
1.5564e-08
5.05518e-05
1.61002e-08
5.05533e-05
1.68613e-08
5.05548e-05
1.76013e-08
5.05563e-05
1.82913e-08
5.05577e-05
1.88777e-08
5.05591e-05
1.91776e-08
5.05607e-05
1.95745e-08
5.05623e-05
2.00813e-08
5.0564e-05
2.08033e-08
5.05657e-05
2.16952e-08
5.05671e-05
2.22637e-08
5.05686e-05
2.25999e-08
5.05702e-05
2.28509e-08
5.05719e-05
2.32373e-08
5.05737e-05
2.41155e-08
5.05755e-05
2.50372e-08
5.05772e-05
2.56688e-08
5.05788e-05
2.60293e-08
5.05805e-05
2.6161e-08
5.05825e-05
2.68305e-08
5.05844e-05
2.78748e-08
5.05861e-05
2.83896e-08
5.05879e-05
2.86827e-08
5.05898e-05
2.91083e-08
5.05919e-05
2.98228e-08
5.0594e-05
3.09941e-08
5.05958e-05
3.15841e-08
5.05979e-05
3.14973e-08
5.06002e-05
3.23459e-08
5.06023e-05
3.36451e-08
5.06043e-05
3.40495e-08
5.06065e-05
3.44645e-08
5.06087e-05
3.5517e-08
5.06108e-05
3.63281e-08
5.0613e-05
3.67443e-08
5.06153e-05
3.7308e-08
5.06177e-05
3.80539e-08
5.06201e-05
3.88472e-08
5.06225e-05
3.95686e-08
5.0625e-05
4.03527e-08
5.06274e-05
4.11537e-08
5.06299e-05
4.18674e-08
5.06325e-05
4.26574e-08
5.06351e-05
4.37494e-08
5.06377e-05
4.4815e-08
5.06405e-05
4.56098e-08
5.06434e-05
4.65112e-08
5.06464e-05
4.76075e-08
5.06494e-05
4.85669e-08
5.06525e-05
4.92709e-08
5.06557e-05
4.99885e-08
5.06589e-05
5.08207e-08
5.0662e-05
5.15714e-08
5.06652e-05
5.22575e-08
5.06685e-05
5.29271e-08
5.06719e-05
5.36557e-08
5.06753e-05
5.4356e-08
5.06786e-05
5.49619e-08
5.06822e-05
5.55507e-08
5.0686e-05
5.60512e-08
5.06899e-05
5.65508e-08
5.06937e-05
5.67991e-08
5.06974e-05
5.68189e-08
5.07013e-05
5.63952e-08
5.07056e-05
5.55371e-08
5.07101e-05
5.39363e-08
5.07143e-05
5.12957e-08
5.07178e-05
4.70105e-08
5.07204e-05
4.11556e-08
5.07221e-05
3.37869e-08
5.07229e-05
2.60607e-08
5.07226e-05
1.85866e-08
5.07213e-05
1.22687e-08
5.07194e-05
7.15579e-09
5.07171e-05
3.47007e-09
5.07151e-05
9.41414e-10
5.07133e-05
-5.52394e-10
-1.55821e-09
5.50033e-05
2.65234e-09
5.50029e-05
2.50654e-09
5.50025e-05
2.65513e-09
5.50024e-05
3.0293e-09
5.50025e-05
3.6358e-09
5.50029e-05
4.40203e-09
5.50034e-05
5.29978e-09
5.5004e-05
6.18117e-09
5.50047e-05
6.94114e-09
5.50054e-05
7.61586e-09
5.50062e-05
8.13145e-09
5.50071e-05
8.63694e-09
5.5008e-05
9.10344e-09
5.50092e-05
9.57992e-09
5.50105e-05
1.02182e-08
5.50118e-05
1.0857e-08
5.50132e-05
1.15967e-08
5.50145e-05
1.22918e-08
5.50157e-05
1.28979e-08
5.5017e-05
1.33952e-08
5.50182e-05
1.37633e-08
5.50196e-05
1.41966e-08
5.5021e-05
1.46438e-08
5.50226e-05
1.5266e-08
5.50242e-05
1.60165e-08
5.50258e-05
1.67016e-08
5.50273e-05
1.73464e-08
5.50288e-05
1.76998e-08
5.50304e-05
1.79908e-08
5.50321e-05
1.84256e-08
5.50339e-05
1.89973e-08
5.50357e-05
1.98834e-08
5.50374e-05
2.05876e-08
5.5039e-05
2.09843e-08
5.50406e-05
2.12419e-08
5.50423e-05
2.14898e-08
5.50443e-05
2.21652e-08
5.50462e-05
2.30886e-08
5.50481e-05
2.37789e-08
5.50499e-05
2.42514e-08
5.50517e-05
2.43981e-08
5.50537e-05
2.47814e-08
5.50558e-05
2.57745e-08
5.50577e-05
2.64611e-08
5.50597e-05
2.67161e-08
5.50618e-05
2.70607e-08
5.5064e-05
2.7571e-08
5.50664e-05
2.86357e-08
5.50684e-05
2.95921e-08
5.50703e-05
2.95591e-08
5.50727e-05
2.99614e-08
5.50751e-05
3.12706e-08
5.50772e-05
3.18665e-08
5.50797e-05
3.20454e-08
5.50823e-05
3.29124e-08
5.50847e-05
3.38465e-08
5.50871e-05
3.43466e-08
5.50896e-05
3.48756e-08
5.50921e-05
3.55589e-08
5.50946e-05
3.63153e-08
5.50972e-05
3.70088e-08
5.50998e-05
3.76867e-08
5.51025e-05
3.84442e-08
5.51052e-05
3.91693e-08
5.5108e-05
3.98467e-08
5.5111e-05
4.0774e-08
5.5114e-05
4.18439e-08
5.51169e-05
4.26569e-08
5.51201e-05
4.34017e-08
5.51233e-05
4.43282e-08
5.51266e-05
4.52531e-08
5.51299e-05
4.59899e-08
5.51332e-05
4.66685e-08
5.51367e-05
4.73935e-08
5.51402e-05
4.80683e-08
5.51437e-05
4.87393e-08
5.51472e-05
4.94368e-08
5.51507e-05
5.01091e-08
5.51544e-05
5.06901e-08
5.51582e-05
5.11624e-08
5.5162e-05
5.16997e-08
5.51659e-05
5.2183e-08
5.51699e-05
5.26092e-08
5.51739e-05
5.27097e-08
5.51782e-05
5.25967e-08
5.51824e-05
5.21619e-08
5.51865e-05
5.14106e-08
5.51906e-05
4.98445e-08
5.51947e-05
4.72422e-08
5.51985e-05
4.31471e-08
5.52016e-05
3.80449e-08
5.52035e-05
3.19108e-08
5.52039e-05
2.56407e-08
5.52033e-05
1.92155e-08
5.5202e-05
1.35646e-08
5.52006e-05
8.62275e-09
5.5199e-05
5.02538e-09
5.51977e-05
2.26214e-09
5.51963e-05
7.7567e-10
-5.85565e-10
5.98684e-05
2.98466e-09
5.9868e-05
2.87362e-09
5.98677e-05
2.96591e-09
5.98675e-05
3.2445e-09
5.98674e-05
3.66541e-09
5.98676e-05
4.21768e-09
5.98681e-05
4.82842e-09
5.98687e-05
5.53327e-09
5.98695e-05
6.21833e-09
5.98702e-05
6.84511e-09
5.9871e-05
7.37387e-09
5.98718e-05
7.80638e-09
5.98727e-05
8.24349e-09
5.98736e-05
8.62738e-09
5.98748e-05
9.08907e-09
5.9876e-05
9.60842e-09
5.98774e-05
1.02347e-08
5.98788e-05
1.08993e-08
5.98801e-05
1.15305e-08
5.98814e-05
1.21041e-08
5.98827e-05
1.24859e-08
5.9884e-05
1.28576e-08
5.98855e-05
1.3215e-08
5.98871e-05
1.36822e-08
5.98887e-05
1.43429e-08
5.98904e-05
1.50073e-08
5.98921e-05
1.56778e-08
5.98937e-05
1.61342e-08
5.98953e-05
1.6389e-08
5.9897e-05
1.67337e-08
5.98988e-05
1.71686e-08
5.99008e-05
1.79046e-08
5.99027e-05
1.86952e-08
5.99045e-05
1.91825e-08
5.99062e-05
1.95099e-08
5.9908e-05
1.97138e-08
5.991e-05
2.01575e-08
5.99121e-05
2.09848e-08
5.99141e-05
2.17182e-08
5.99162e-05
2.22362e-08
5.99181e-05
2.24696e-08
5.99202e-05
2.26777e-08
5.99225e-05
2.34538e-08
5.99247e-05
2.42806e-08
5.99268e-05
2.46493e-08
5.99288e-05
2.49696e-08
5.99311e-05
2.53281e-08
5.99336e-05
2.60805e-08
5.99361e-05
2.71422e-08
5.99383e-05
2.73838e-08
5.99408e-05
2.74503e-08
5.99435e-05
2.85377e-08
5.99459e-05
2.94446e-08
5.99484e-05
2.96263e-08
5.9951e-05
3.0246e-08
5.99537e-05
3.11974e-08
5.99563e-05
3.17552e-08
5.99589e-05
3.22052e-08
5.99617e-05
3.27785e-08
5.99646e-05
3.34453e-08
5.99675e-05
3.41197e-08
5.99704e-05
3.47594e-08
5.99734e-05
3.5472e-08
5.99763e-05
3.62119e-08
5.99793e-05
3.68383e-08
5.99825e-05
3.76071e-08
5.99857e-05
3.86085e-08
5.9989e-05
3.94192e-08
5.99923e-05
4.00445e-08
5.99958e-05
4.08407e-08
5.99993e-05
4.17254e-08
6.00029e-05
4.2409e-08
6.00066e-05
4.2983e-08
6.00103e-05
4.36635e-08
6.0014e-05
4.43758e-08
6.00178e-05
4.50147e-08
6.00216e-05
4.56068e-08
6.00255e-05
4.61695e-08
6.00295e-05
4.67304e-08
6.00335e-05
4.71963e-08
6.00375e-05
4.76544e-08
6.00417e-05
4.79854e-08
6.0046e-05
4.82956e-08
6.00503e-05
4.84072e-08
6.00545e-05
4.83734e-08
6.00588e-05
4.79037e-08
6.00632e-05
4.70106e-08
6.00677e-05
4.53449e-08
6.00719e-05
4.30256e-08
6.00755e-05
3.95929e-08
6.00781e-05
3.54056e-08
6.00799e-05
3.01077e-08
6.00809e-05
2.46264e-08
6.00812e-05
1.8913e-08
6.00807e-05
1.40861e-08
6.00797e-05
9.67014e-09
6.00781e-05
6.56992e-09
6.00767e-05
3.71184e-09
6.00751e-05
2.32518e-09
4.27214e-10
6.51625e-05
3.05267e-09
6.51624e-05
3.05101e-09
6.51622e-05
3.12126e-09
6.51621e-05
3.33929e-09
6.51621e-05
3.64951e-09
6.51623e-05
4.05484e-09
6.51626e-05
4.49436e-09
6.51632e-05
4.98742e-09
6.51639e-05
5.50147e-09
6.51647e-05
6.03792e-09
6.51655e-05
6.53514e-09
6.51664e-05
6.96296e-09
6.51673e-05
7.36479e-09
6.51682e-05
7.71567e-09
6.51692e-05
8.0894e-09
6.51703e-05
8.48407e-09
6.51716e-05
8.94804e-09
6.5173e-05
9.51804e-09
6.51744e-05
1.00808e-08
6.51758e-05
1.06727e-08
6.51772e-05
1.11273e-08
6.51786e-05
1.1479e-08
6.518e-05
1.18058e-08
6.51815e-05
1.2129e-08
6.51832e-05
1.26447e-08
6.5185e-05
1.32313e-08
6.51868e-05
1.38677e-08
6.51886e-05
1.44041e-08
6.51902e-05
1.47092e-08
6.5192e-05
1.50025e-08
6.51938e-05
1.53409e-08
6.51958e-05
1.5877e-08
6.51979e-05
1.662e-08
6.51999e-05
1.71984e-08
6.52018e-05
1.75868e-08
6.52037e-05
1.78128e-08
6.52058e-05
1.80888e-08
6.5208e-05
1.87305e-08
6.52103e-05
1.9456e-08
6.52125e-05
2.0023e-08
6.52146e-05
2.03817e-08
6.52167e-05
2.05495e-08
6.52191e-05
2.10381e-08
6.52216e-05
2.18285e-08
6.52239e-05
2.23064e-08
6.52263e-05
2.25974e-08
6.52287e-05
2.29088e-08
6.52314e-05
2.34245e-08
6.52341e-05
2.44017e-08
6.52365e-05
2.49975e-08
6.5239e-05
2.50097e-08
6.52418e-05
2.56819e-08
6.52446e-05
2.6679e-08
6.52472e-05
2.69909e-08
6.52501e-05
2.73457e-08
6.52531e-05
2.81721e-08
6.52561e-05
2.88177e-08
6.5259e-05
2.92717e-08
6.5262e-05
2.97905e-08
6.52651e-05
3.03861e-08
6.52681e-05
3.10267e-08
6.52713e-05
3.16275e-08
6.52745e-05
3.22448e-08
6.52778e-05
3.295e-08
6.5281e-05
3.35662e-08
6.52845e-05
3.41742e-08
6.52881e-05
3.50269e-08
6.52916e-05
3.58572e-08
6.52952e-05
3.64445e-08
6.5299e-05
3.70657e-08
6.53029e-05
3.78478e-08
6.53067e-05
3.85479e-08
6.53106e-05
3.91081e-08
6.53146e-05
3.96916e-08
6.53186e-05
4.03187e-08
6.53227e-05
4.09055e-08
6.53269e-05
4.14815e-08
6.5331e-05
4.20136e-08
6.53352e-05
4.25128e-08
6.53396e-05
4.288e-08
6.5344e-05
4.32497e-08
6.53484e-05
4.35392e-08
6.53529e-05
4.38283e-08
6.53574e-05
4.38904e-08
6.5362e-05
4.37941e-08
6.53666e-05
4.33054e-08
6.5371e-05
4.25458e-08
6.53753e-05
4.10941e-08
6.53792e-05
3.90716e-08
6.53829e-05
3.59754e-08
6.53859e-05
3.23321e-08
6.53882e-05
2.78357e-08
6.53894e-05
2.34235e-08
6.53896e-05
1.86722e-08
6.53891e-05
1.46051e-08
6.53883e-05
1.05315e-08
6.53872e-05
7.66904e-09
6.53861e-05
4.75381e-09
6.5385e-05
3.40616e-09
1.28747e-09
7.0924e-05
2.92203e-09
7.09241e-05
2.96929e-09
7.09241e-05
3.06371e-09
7.09242e-05
3.25515e-09
7.09243e-05
3.5017e-09
7.09246e-05
3.80381e-09
7.0925e-05
4.13522e-09
7.09255e-05
4.48831e-09
7.09261e-05
4.86342e-09
7.09269e-05
5.2388e-09
7.09278e-05
5.65678e-09
7.09287e-05
6.04713e-09
7.09296e-05
6.41611e-09
7.09306e-05
6.75406e-09
7.09316e-05
7.08082e-09
7.09327e-05
7.42042e-09
7.09339e-05
7.75423e-09
7.09352e-05
8.16957e-09
7.09366e-05
8.64456e-09
7.09382e-05
9.14851e-09
7.09397e-05
9.62685e-09
7.09411e-05
1.00024e-08
7.09426e-05
1.03387e-08
7.09441e-05
1.06084e-08
7.09458e-05
1.09568e-08
7.09476e-05
1.14312e-08
7.09495e-05
1.19599e-08
7.09514e-05
1.25076e-08
7.09532e-05
1.28969e-08
7.09551e-05
1.31811e-08
7.0957e-05
1.34429e-08
7.0959e-05
1.38116e-08
7.09612e-05
1.44075e-08
7.09634e-05
1.50012e-08
7.09656e-05
1.54647e-08
7.09676e-05
1.57728e-08
7.09697e-05
1.59821e-08
7.0972e-05
1.6412e-08
7.09744e-05
1.70308e-08
7.09769e-05
1.75885e-08
7.09793e-05
1.80043e-08
7.09816e-05
1.82079e-08
7.09841e-05
1.85014e-08
7.09868e-05
1.91476e-08
7.09894e-05
1.97286e-08
7.09919e-05
2.008e-08
7.09944e-05
2.03781e-08
7.09971e-05
2.0724e-08
7.10001e-05
2.14297e-08
7.10029e-05
2.21659e-08
7.10056e-05
2.23274e-08
7.10086e-05
2.26632e-08
7.10118e-05
2.35457e-08
7.10147e-05
2.40746e-08
7.10177e-05
2.43353e-08
7.10209e-05
2.49677e-08
7.10241e-05
2.56299e-08
7.10273e-05
2.6088e-08
7.10305e-05
2.65418e-08
7.10339e-05
2.70458e-08
7.10373e-05
2.76064e-08
7.10407e-05
2.81735e-08
7.10443e-05
2.87218e-08
7.10479e-05
2.93521e-08
7.10515e-05
2.99642e-08
7.10552e-05
3.04902e-08
7.1059e-05
3.11707e-08
7.10629e-05
3.19462e-08
7.10668e-05
3.25343e-08
7.10708e-05
3.30465e-08
7.1075e-05
3.37021e-08
7.10792e-05
3.43522e-08
7.10834e-05
3.4869e-08
7.10877e-05
3.5376e-08
7.10921e-05
3.59658e-08
7.10965e-05
3.65256e-08
7.11009e-05
3.70394e-08
7.11055e-05
3.74782e-08
7.11101e-05
3.79121e-08
7.11147e-05
3.82506e-08
7.11193e-05
3.85923e-08
7.11241e-05
3.88286e-08
7.11288e-05
3.90632e-08
7.11336e-05
3.91117e-08
7.11383e-05
3.90768e-08
7.1143e-05
3.86531e-08
7.11476e-05
3.79579e-08
7.11521e-05
3.65806e-08
7.11563e-05
3.48239e-08
7.11601e-05
3.22306e-08
7.1163e-05
2.93464e-08
7.11652e-05
2.56615e-08
7.11666e-05
2.20433e-08
7.11674e-05
1.79118e-08
7.11675e-05
1.44907e-08
7.11672e-05
1.0851e-08
7.11664e-05
8.46638e-09
7.11655e-05
5.63984e-09
7.11644e-05
4.48587e-09
2.17829e-09
7.71943e-05
2.70501e-09
7.71946e-05
2.74928e-09
7.71948e-05
2.84301e-09
7.7195e-05
2.99103e-09
7.71954e-05
3.18064e-09
7.71958e-05
3.39839e-09
7.71963e-05
3.65217e-09
7.71968e-05
3.91659e-09
7.71975e-05
4.20064e-09
7.71982e-05
4.48752e-09
7.71991e-05
4.78731e-09
7.72001e-05
5.08643e-09
7.72011e-05
5.39033e-09
7.72021e-05
5.705e-09
7.72032e-05
6.00228e-09
7.72043e-05
6.29784e-09
7.72055e-05
6.57512e-09
7.72068e-05
6.88128e-09
7.72082e-05
7.22379e-09
7.72098e-05
7.59988e-09
7.72114e-05
8.01811e-09
7.7213e-05
8.40484e-09
7.72146e-05
8.74782e-09
7.72162e-05
9.01445e-09
7.72179e-05
9.26847e-09
7.72197e-05
9.60006e-09
7.72217e-05
9.99579e-09
7.72237e-05
1.04701e-08
7.72257e-05
1.0901e-08
7.72277e-05
1.12156e-08
7.72296e-05
1.14705e-08
7.72317e-05
1.17322e-08
7.7234e-05
1.21411e-08
7.72363e-05
1.26584e-08
7.72387e-05
1.31272e-08
7.72409e-05
1.34786e-08
7.72432e-05
1.36973e-08
7.72457e-05
1.39785e-08
7.72482e-05
1.44461e-08
7.72509e-05
1.49648e-08
7.72535e-05
1.54095e-08
7.7256e-05
1.56846e-08
7.72586e-05
1.58935e-08
7.72614e-05
1.63302e-08
7.72643e-05
1.68712e-08
7.72671e-05
1.72596e-08
7.72699e-05
1.75548e-08
7.72728e-05
1.78324e-08
7.72759e-05
1.83094e-08
7.72791e-05
1.90069e-08
7.7282e-05
1.93723e-08
7.72851e-05
1.95741e-08
7.72885e-05
2.01961e-08
7.72917e-05
2.08087e-08
7.7295e-05
2.1087e-08
7.72984e-05
2.15147e-08
7.7302e-05
2.21012e-08
7.73055e-05
2.25684e-08
7.73091e-05
2.29854e-08
7.73127e-05
2.34263e-08
7.73164e-05
2.39061e-08
7.73201e-05
2.44197e-08
7.73239e-05
2.49085e-08
7.73279e-05
2.54397e-08
7.73318e-05
2.60113e-08
7.73358e-05
2.6495e-08
7.734e-05
2.70172e-08
7.73442e-05
2.76752e-08
7.73485e-05
2.8258e-08
7.73528e-05
2.8703e-08
7.73573e-05
2.92206e-08
7.73619e-05
2.98053e-08
7.73664e-05
3.03142e-08
7.7371e-05
3.07581e-08
7.73758e-05
3.12549e-08
7.73805e-05
3.17464e-08
7.73854e-05
3.22196e-08
7.73902e-05
3.26219e-08
7.73951e-05
3.30169e-08
7.74e-05
3.33114e-08
7.7405e-05
3.36033e-08
7.74101e-05
3.38038e-08
7.74151e-05
3.40314e-08
7.74201e-05
3.40848e-08
7.74251e-05
3.40698e-08
7.74301e-05
3.36904e-08
7.74349e-05
3.31413e-08
7.74395e-05
3.20212e-08
7.74436e-05
3.06463e-08
7.74474e-05
2.85075e-08
7.74505e-05
2.61776e-08
7.74531e-05
2.31212e-08
7.74549e-05
2.02543e-08
7.74559e-05
1.6859e-08
7.74563e-05
1.41442e-08
7.74561e-05
1.09761e-08
7.74556e-05
8.95646e-09
7.7455e-05
6.27287e-09
7.74543e-05
5.24195e-09
2.88337e-09
8.40187e-05
2.27792e-09
8.40191e-05
2.33442e-09
8.40195e-05
2.42746e-09
8.40199e-05
2.55252e-09
8.40204e-05
2.70497e-09
8.40209e-05
2.87495e-09
8.40215e-05
3.06235e-09
8.40222e-05
3.25669e-09
8.40229e-05
3.46136e-09
8.40237e-05
3.66885e-09
8.40246e-05
3.87963e-09
8.40256e-05
4.09765e-09
8.40267e-05
4.32226e-09
8.40278e-05
4.56663e-09
8.4029e-05
4.81573e-09
8.40302e-05
5.06842e-09
8.40315e-05
5.31156e-09
8.40328e-05
5.54633e-09
8.40343e-05
5.79147e-09
8.40358e-05
6.05479e-09
8.40375e-05
6.36328e-09
8.40392e-05
6.68941e-09
8.40409e-05
7.00335e-09
8.40427e-05
7.27539e-09
8.40444e-05
7.49799e-09
8.40463e-05
7.73182e-09
8.40483e-05
8.00629e-09
8.40504e-05
8.35705e-09
8.40526e-05
8.73949e-09
8.40547e-05
9.06317e-09
8.40569e-05
9.32137e-09
8.40591e-05
9.53346e-09
8.40614e-05
9.80017e-09
8.40639e-05
1.01806e-08
8.40664e-05
1.05938e-08
8.40689e-05
1.0963e-08
8.40714e-05
1.12223e-08
8.4074e-05
1.14376e-08
8.40767e-05
1.17543e-08
8.40795e-05
1.21598e-08
8.40823e-05
1.25592e-08
8.40851e-05
1.28649e-08
8.4088e-05
1.30634e-08
8.40909e-05
1.33447e-08
8.4094e-05
1.37741e-08
8.40971e-05
1.41724e-08
8.41002e-05
1.44811e-08
8.41033e-05
1.47403e-08
8.41065e-05
1.5059e-08
8.411e-05
1.55787e-08
8.41133e-05
1.60233e-08
8.41167e-05
1.62396e-08
8.41202e-05
1.66262e-08
8.41239e-05
1.71765e-08
8.41274e-05
1.75226e-08
8.41311e-05
1.78348e-08
8.41349e-05
1.82942e-08
8.41387e-05
1.87313e-08
8.41426e-05
1.91082e-08
8.41466e-05
1.94877e-08
8.41506e-05
1.9885e-08
8.41547e-05
2.03187e-08
8.41588e-05
2.07482e-08
8.41631e-05
2.11859e-08
8.41674e-05
2.16766e-08
8.41718e-05
2.21269e-08
8.41763e-05
2.25467e-08
8.41809e-05
2.30604e-08
8.41856e-05
2.35917e-08
8.41902e-05
2.40078e-08
8.4195e-05
2.442e-08
8.42e-05
2.48972e-08
8.42049e-05
2.53591e-08
8.42099e-05
2.57548e-08
8.4215e-05
2.6184e-08
8.42201e-05
2.66179e-08
8.42253e-05
2.7041e-08
8.42305e-05
2.73833e-08
8.42358e-05
2.77187e-08
8.42412e-05
2.79775e-08
8.42465e-05
2.82534e-08
8.42519e-05
2.84484e-08
8.42572e-05
2.86829e-08
8.42625e-05
2.87674e-08
8.42678e-05
2.88298e-08
8.42729e-05
2.85711e-08
8.42778e-05
2.81957e-08
8.42826e-05
2.7306e-08
8.42869e-05
2.62615e-08
8.42909e-05
2.4577e-08
8.42942e-05
2.28477e-08
8.42969e-05
2.04706e-08
8.42988e-05
1.83328e-08
8.43001e-05
1.55763e-08
8.43007e-05
1.34502e-08
8.4301e-05
1.07137e-08
8.43009e-05
9.09523e-09
8.43005e-05
6.63449e-09
8.43e-05
5.80101e-09
3.51748e-09
9.1446e-05
1.77071e-09
9.14465e-05
1.81329e-09
9.1447e-05
1.88347e-09
9.14476e-05
1.97491e-09
9.14482e-05
2.0841e-09
9.14489e-05
2.20355e-09
9.14496e-05
2.33233e-09
9.14504e-05
2.46743e-09
9.14513e-05
2.60802e-09
9.14522e-05
2.75371e-09
9.14532e-05
2.90047e-09
9.14542e-05
3.05154e-09
9.14553e-05
3.20546e-09
9.14565e-05
3.37078e-09
9.14578e-05
3.54819e-09
9.14591e-05
3.73493e-09
9.14605e-05
3.92632e-09
9.1462e-05
4.11046e-09
9.14635e-05
4.29195e-09
9.1465e-05
4.47539e-09
9.14667e-05
4.67797e-09
9.14685e-05
4.90539e-09
9.14704e-05
5.14315e-09
9.14723e-05
5.3749e-09
9.14742e-05
5.5767e-09
9.14762e-05
5.76007e-09
9.14782e-05
5.95199e-09
9.14804e-05
6.18178e-09
9.14827e-05
6.45485e-09
9.1485e-05
6.72867e-09
9.14874e-05
6.97007e-09
9.14897e-05
7.16865e-09
9.14922e-05
7.36226e-09
9.14947e-05
7.61316e-09
9.14974e-05
7.91467e-09
9.15002e-05
8.22124e-09
9.15029e-05
8.47499e-09
9.15057e-05
8.67147e-09
9.15085e-05
8.88933e-09
9.15115e-05
9.17264e-09
9.15146e-05
9.48711e-09
9.15177e-05
9.7741e-09
9.15208e-05
9.98468e-09
9.15239e-05
1.0189e-08
9.15272e-05
1.0482e-08
9.15306e-05
1.08092e-08
9.1534e-05
1.1095e-08
9.15374e-05
1.13399e-08
9.15408e-05
1.15807e-08
9.15445e-05
1.19283e-08
9.15482e-05
1.23204e-08
9.15519e-05
1.25783e-08
9.15556e-05
1.28381e-08
9.15596e-05
1.32374e-08
9.15635e-05
1.35822e-08
9.15675e-05
1.38461e-08
9.15716e-05
1.41783e-08
9.15758e-05
1.45383e-08
9.15801e-05
1.48644e-08
9.15844e-05
1.51853e-08
9.15887e-05
1.55122e-08
9.15932e-05
1.586e-08
9.15977e-05
1.62173e-08
9.16023e-05
1.65721e-08
9.16071e-05
1.69613e-08
9.16118e-05
1.73491e-08
9.16167e-05
1.76997e-08
9.16217e-05
1.8083e-08
9.16267e-05
1.85121e-08
9.16319e-05
1.88856e-08
9.16371e-05
1.92265e-08
9.16424e-05
1.96001e-08
9.16477e-05
1.99949e-08
9.16531e-05
2.03441e-08
9.16586e-05
2.07007e-08
9.16642e-05
2.10544e-08
9.16698e-05
2.14165e-08
9.16755e-05
2.17182e-08
9.16812e-05
2.20209e-08
9.16869e-05
2.22617e-08
9.16926e-05
2.25299e-08
9.16983e-05
2.27317e-08
9.1704e-05
2.29901e-08
9.17097e-05
2.31237e-08
9.17152e-05
2.32657e-08
9.17207e-05
2.31347e-08
9.17259e-05
2.2953e-08
9.17309e-05
2.23408e-08
9.17354e-05
2.16765e-08
9.17396e-05
2.0473e-08
9.17431e-05
1.93097e-08
9.1746e-05
1.75378e-08
9.17483e-05
1.60407e-08
9.175e-05
1.39075e-08
9.1751e-05
1.23944e-08
9.17516e-05
1.01589e-08
9.17517e-05
8.96419e-09
9.17516e-05
6.79375e-09
9.17512e-05
6.16166e-09
4.04483e-09
9.95299e-05
9.95306e-05
9.95313e-05
9.9532e-05
9.95328e-05
9.95336e-05
9.95345e-05
9.95354e-05
9.95364e-05
9.95375e-05
9.95386e-05
9.95398e-05
9.9541e-05
9.95423e-05
9.95437e-05
9.95451e-05
9.95467e-05
9.95482e-05
9.95499e-05
9.95516e-05
9.95534e-05
9.95552e-05
9.95572e-05
9.95593e-05
9.95613e-05
9.95635e-05
9.95657e-05
9.9568e-05
9.95704e-05
9.95728e-05
9.95754e-05
9.9578e-05
9.95806e-05
9.95833e-05
9.95861e-05
9.95891e-05
9.95921e-05
9.95951e-05
9.95981e-05
9.96013e-05
9.96046e-05
9.96079e-05
9.96113e-05
9.96147e-05
9.96182e-05
9.96218e-05
9.96255e-05
9.96292e-05
9.9633e-05
9.96369e-05
9.96409e-05
9.96449e-05
9.9649e-05
9.96532e-05
9.96575e-05
9.96619e-05
9.96663e-05
9.96708e-05
9.96754e-05
9.96801e-05
9.96849e-05
9.96897e-05
9.96946e-05
9.96996e-05
9.97048e-05
9.971e-05
9.97152e-05
9.97206e-05
9.97261e-05
9.97316e-05
9.97373e-05
9.9743e-05
9.97488e-05
9.97546e-05
9.97606e-05
9.97666e-05
9.97726e-05
9.97787e-05
9.97848e-05
9.9791e-05
9.97972e-05
9.98034e-05
9.98095e-05
9.98155e-05
9.98213e-05
9.9827e-05
9.98324e-05
9.98375e-05
9.98422e-05
9.98463e-05
9.98499e-05
9.98529e-05
9.98554e-05
9.98572e-05
9.98585e-05
9.98593e-05
9.98597e-05
9.98599e-05
9.98598e-05
)
;

boundaryField
{
    zeroGradientPlanes
    {
        type            calculated;
        value           nonuniform List<scalar> 
160
(
5.94976e-11
2.90279e-09
1.90946e-09
1.66633e-09
-7.99498e-10
-2.91375e-10
1.66607e-10
1.98538e-09
3.7634e-09
6.94259e-09
8.94549e-09
1.03837e-08
6.86157e-09
2.80578e-10
-3.95176e-09
-6.67279e-09
-8.14991e-09
-8.44976e-09
-8.27789e-09
-7.85009e-09
1.57589e-05
2.14696e-05
2.36504e-05
2.57505e-05
2.80283e-05
3.05052e-05
3.32029e-05
3.61374e-05
3.93327e-05
4.28091e-05
4.6594e-05
5.07123e-05
5.51954e-05
6.00741e-05
6.53842e-05
7.11635e-05
7.74536e-05
8.42993e-05
9.17507e-05
9.98595e-05
3.45218e-10
1.02146e-09
1.54864e-09
1.94002e-09
2.20797e-09
2.37798e-09
2.46997e-09
2.50062e-09
2.4805e-09
2.42308e-09
2.3363e-09
2.22898e-09
2.10661e-09
1.97481e-09
1.84043e-09
1.71246e-09
1.60256e-09
1.48114e-09
1.34793e-09
1.2095e-09
1.17737e-09
1.18057e-09
1.20579e-09
1.24771e-09
1.30412e-09
1.36992e-09
1.44297e-09
1.52142e-09
1.60379e-09
1.69154e-09
1.78163e-09
1.87548e-09
1.97088e-09
2.06997e-09
2.17542e-09
2.28701e-09
2.40707e-09
2.52876e-09
2.65135e-09
2.77267e-09
2.89607e-09
3.03125e-09
3.17643e-09
3.33183e-09
3.4841e-09
3.6246e-09
3.75944e-09
3.89809e-09
4.05938e-09
4.24081e-09
4.42367e-09
4.59318e-09
4.74195e-09
4.89574e-09
5.07813e-09
5.28566e-09
5.49445e-09
5.67563e-09
5.83337e-09
6.00519e-09
6.20765e-09
6.42727e-09
6.62149e-09
6.78165e-09
6.96305e-09
7.1855e-09
7.41774e-09
7.63587e-09
7.82087e-09
8.03193e-09
8.31039e-09
8.55605e-09
8.74847e-09
9.00133e-09
9.27864e-09
9.50695e-09
9.74041e-09
1.0001e-08
1.02562e-08
1.05077e-08
1.07592e-08
1.10187e-08
1.12901e-08
1.15595e-08
1.18457e-08
1.21485e-08
1.24325e-08
1.27104e-08
1.30236e-08
1.33308e-08
1.36105e-08
1.38875e-08
1.41911e-08
1.44819e-08
1.47781e-08
1.5065e-08
1.53649e-08
1.56203e-08
1.58773e-08
1.60904e-08
1.6346e-08
1.65728e-08
1.68888e-08
1.71338e-08
1.74027e-08
1.74567e-08
1.75195e-08
1.72688e-08
1.70212e-08
1.6318e-08
1.56867e-08
1.45248e-08
1.36276e-08
1.21059e-08
1.11e-08
9.34127e-09
8.49171e-09
6.67625e-09
6.23204e-09
4.35333e-09
)
;
    }
    inlet
    {
        type            calculated;
        value           nonuniform List<scalar> 
20
(
-1.99006e-05
-2.16598e-05
-2.35745e-05
-2.56584e-05
-2.79266e-05
-3.03953e-05
-3.30822e-05
-3.60066e-05
-3.91895e-05
-4.26538e-05
-4.64243e-05
-5.05282e-05
-5.49948e-05
-5.98562e-05
-6.51474e-05
-7.09063e-05
-7.71743e-05
-8.39964e-05
-9.14216e-05
-9.95031e-05
)
;
    }
    plate
    {
        type            calculated;
        value           uniform 0;
    }
    frontAndBack
    {
        type            empty;
        value           nonuniform List<scalar> 0();
    }
}


// ************************************************************************* //
