/*--------------------------------*- C++ -*----------------------------------*\
| =========                 |                                                 |
| \\      /  F ield         | OpenFOAM: The Open Source CFD Toolbox           |
|  \\    /   O peration     | Version:  v2012                                 |
|   \\  /    A nd           | Website:  www.openfoam.com                      |
|    \\/     M anipulation  |                                                 |
\*---------------------------------------------------------------------------*/
FoamFile
{
    version     2.0;
    format      ascii;
    class       volVectorField;
    location    "0.5";
    object      U;
}
// * * * * * * * * * * * * * * * * * * * * * * * * * * * * * * * * * * * * * //

dimensions      [0 1 -1 0 0 0 0];


internalField   nonuniform List<vector> 
2400
(
(0.997592 -1.12093e-06 0)
(1.00221 -3.46672e-05 0)
(0.997918 -2.05308e-05 0)
(1.00181 -1.83627e-05 0)
(0.998156 1.32e-05 0)
(1.00145 2.99998e-06 0)
(0.998359 -4.53702e-06 0)
(1.00118 -4.48722e-05 0)
(0.99859 -9.06215e-05 0)
(1.00102 -0.000174367 0)
(0.998856 -0.000231482 0)
(1.00096 -0.00023875 0)
(0.99921 -0.000149818 0)
(1.00114 3.73389e-06 0)
(0.999845 0.000169273 0)
(1.00163 0.000285064 0)
(1.00056 0.000359482 0)
(1.00196 0.000392208 0)
(1.0008 0.000413665 0)
(1.00157 0.000432695 0)
(0.999944 -2.66449e-06 0)
(1.00003 -4.11399e-05 0)
(0.999932 -3.04275e-05 0)
(0.999967 -2.57155e-05 0)
(0.999873 8.12509e-06 0)
(0.999871 4.25571e-06 0)
(0.999797 -2.22603e-05 0)
(0.999802 -8.70967e-05 0)
(0.999773 -0.000145996 0)
(0.999813 -0.00020725 0)
(0.999876 -0.000202088 0)
(1.00003 -0.000125366 0)
(1.00025 4.77635e-05 0)
(1.00052 0.000256356 0)
(1.0008 0.000451778 0)
(1.00107 0.000573776 0)
(1.00129 0.000637024 0)
(1.00141 0.000647299 0)
(1.00139 0.000642716 0)
(1.00112 0.000638676 0)
(0.999999 -3.25355e-06 0)
(0.999993 -9.67957e-06 0)
(0.999973 -2.06931e-05 0)
(0.999943 -2.85082e-05 0)
(0.999904 -3.31704e-05 0)
(0.99985 -1.53107e-05 0)
(0.999801 -1.23153e-05 0)
(0.999777 -3.07902e-05 0)
(0.999793 -4.77055e-05 0)
(0.99985 -1.72021e-05 0)
(0.999966 6.49031e-05 0)
(1.00013 0.00018113 0)
(1.00034 0.000290364 0)
(1.00057 0.000373368 0)
(1.00083 0.000425687 0)
(1.00107 0.000448464 0)
(1.00127 0.000446798 0)
(1.00137 0.000429299 0)
(1.00134 0.000404226 0)
(1.00109 0.000385082 0)
(0.999999 -1.90456e-06 0)
(0.999991 -7.37037e-06 0)
(0.999969 -1.91427e-05 0)
(0.999938 -3.02446e-05 0)
(0.999907 -4.25829e-05 0)
(0.999863 -2.66113e-05 0)
(0.999813 1.46388e-05 0)
(0.999778 4.67418e-05 0)
(0.999796 6.71958e-05 0)
(0.999866 9.85047e-05 0)
(0.999996 0.000144882 0)
(1.00016 0.000205137 0)
(1.00038 0.00026116 0)
(1.00061 0.000315572 0)
(1.00086 0.000357836 0)
(1.00109 0.000383455 0)
(1.00128 0.000391577 0)
(1.00138 0.000386711 0)
(1.00135 0.000373823 0)
(1.0011 0.00036364 0)
(1 -2.23032e-06 0)
(0.99999 -6.44517e-06 0)
(0.999968 -1.47492e-05 0)
(0.999937 -1.25184e-05 0)
(0.999908 -1.70857e-05 0)
(0.999874 -1.10674e-05 0)
(0.999834 2.12597e-05 0)
(0.999803 8.55087e-05 0)
(0.999822 0.000157663 0)
(0.999895 0.000223616 0)
(1.00003 0.000276813 0)
(1.00021 0.000324309 0)
(1.00042 0.000365621 0)
(1.00065 0.000400748 0)
(1.00089 0.0004215 0)
(1.0011 0.000423754 0)
(1.00127 0.000406031 0)
(1.00135 0.00037436 0)
(1.00131 0.000333945 0)
(1.00108 0.000297627 0)
(1 -1.28079e-06 0)
(0.99999 -4.06234e-06 0)
(0.999969 -6.67025e-06 0)
(0.999939 -2.24762e-06 0)
(0.999909 6.45458e-06 0)
(0.999881 2.12812e-05 0)
(0.99986 5.55058e-05 0)
(0.99985 0.000127955 0)
(0.999875 0.000220863 0)
(0.999939 0.000309867 0)
(1.00006 0.000371058 0)
(1.00023 0.000407124 0)
(1.00044 0.000421021 0)
(1.00066 0.000421359 0)
(1.00088 0.000407479 0)
(1.00107 0.000381764 0)
(1.00123 0.000343345 0)
(1.00129 0.000296147 0)
(1.00125 0.000245469 0)
(1.00102 0.000201664 0)
(1 -3.9963e-07 0)
(0.99999 2.23488e-07 0)
(0.99997 1.9613e-06 0)
(0.999943 1.31841e-05 0)
(0.999919 3.13737e-05 0)
(0.999898 6.53308e-05 0)
(0.99989 0.000111081 0)
(0.999895 0.000178498 0)
(0.999931 0.000259796 0)
(0.999993 0.000345558 0)
(1.0001 0.000412975 0)
(1.00024 0.000450395 0)
(1.00043 0.00045328 0)
(1.00063 0.000432543 0)
(1.00084 0.000395577 0)
(1.00103 0.00034953 0)
(1.00117 0.000299089 0)
(1.00122 0.000247128 0)
(1.00118 0.000197064 0)
(1.00097 0.000158009 0)
(1 1.33646e-06 0)
(0.99999 5.70947e-06 0)
(0.999974 1.19668e-05 0)
(0.999951 3.17125e-05 0)
(0.999933 5.9204e-05 0)
(0.999921 0.000101833 0)
(0.999922 0.000155685 0)
(0.999938 0.000219729 0)
(0.999983 0.000288327 0)
(1.00005 0.000358364 0)
(1.00014 0.000418235 0)
(1.00026 0.000456978 0)
(1.00042 0.000463314 0)
(1.00059 0.000440388 0)
(1.00079 0.000395908 0)
(1.00095 0.000338419 0)
(1.00109 0.000276001 0)
(1.00114 0.000217241 0)
(1.00111 0.000163842 0)
(1.00092 0.000125696 0)
(1 3.54317e-06 0)
(0.999991 1.20602e-05 0)
(0.999979 2.57533e-05 0)
(0.999962 5.07321e-05 0)
(0.999952 8.60101e-05 0)
(0.999949 0.000131178 0)
(0.999958 0.000186546 0)
(0.999979 0.000248103 0)
(1.00003 0.00030728 0)
(1.00009 0.000363281 0)
(1.00018 0.000410316 0)
(1.00028 0.000443145 0)
(1.00041 0.000453091 0)
(1.00056 0.000436412 0)
(1.00072 0.000395094 0)
(1.00087 0.000337003 0)
(1.00099 0.00026914 0)
(1.00105 0.000203429 0)
(1.00102 0.000145333 0)
(1.00087 0.000104113 0)
(1 5.77933e-06 0)
(0.999993 2.04287e-05 0)
(0.999986 3.92857e-05 0)
(0.999976 6.88144e-05 0)
(0.999972 0.000107979 0)
(0.999976 0.000154394 0)
(0.999993 0.000206465 0)
(1.00002 0.000262372 0)
(1.00007 0.000314925 0)
(1.00013 0.000360251 0)
(1.00021 0.000395447 0)
(1.0003 0.000419841 0)
(1.00041 0.000427094 0)
(1.00052 0.00041569 0)
(1.00065 0.000382071 0)
(1.00077 0.000330678 0)
(1.00088 0.000268203 0)
(1.00093 0.00020276 0)
(1.00092 0.000143083 0)
(1.0008 9.85361e-05 0)
(1 8.92732e-06 0)
(0.999996 2.80944e-05 0)
(0.999992 5.1978e-05 0)
(0.99999 8.48158e-05 0)
(0.999993 0.000123972 0)
(1 0.000170042 0)
(1.00002 0.000217382 0)
(1.00005 0.000266717 0)
(1.0001 0.000311554 0)
(1.00015 0.000349313 0)
(1.00023 0.000375358 0)
(1.0003 0.00039182 0)
(1.0004 0.000394922 0)
(1.00049 0.000384505 0)
(1.00059 0.000359673 0)
(1.00068 0.000318981 0)
(1.00077 0.000267286 0)
(1.00081 0.000211337 0)
(1.00081 0.000155256 0)
(1.00072 0.000111065 0)
(1 1.11411e-05 0)
(0.999998 3.54742e-05 0)
(1 6.32355e-05 0)
(1 9.69413e-05 0)
(1.00001 0.000135456 0)
(1.00003 0.000177548 0)
(1.00005 0.000219908 0)
(1.00008 0.000261972 0)
(1.00013 0.000299072 0)
(1.00017 0.000329827 0)
(1.00024 0.000349989 0)
(1.0003 0.000361095 0)
(1.00038 0.000361529 0)
(1.00045 0.000350757 0)
(1.00054 0.000330668 0)
(1.0006 0.000300095 0)
(1.00067 0.000258779 0)
(1.0007 0.000215183 0)
(1.0007 0.000169075 0)
(1.00063 0.000130442 0)
(1 1.32883e-05 0)
(1 4.19405e-05 0)
(1.00001 7.05801e-05 0)
(1.00002 0.000104263 0)
(1.00003 0.00014046 0)
(1.00005 0.000178333 0)
(1.00008 0.000214904 0)
(1.00011 0.000249763 0)
(1.00015 0.000280102 0)
(1.00019 0.000304442 0)
(1.00025 0.00032 0)
(1.0003 0.000327762 0)
(1.00036 0.000327172 0)
(1.00042 0.000317339 0)
(1.00049 0.000299385 0)
(1.00053 0.000276173 0)
(1.00059 0.000244003 0)
(1.0006 0.000210654 0)
(1.0006 0.00017665 0)
(1.00054 0.000146743 0)
(1 1.46573e-05 0)
(1 4.52129e-05 0)
(1.00001 7.53501e-05 0)
(1.00003 0.000107316 0)
(1.00004 0.000140106 0)
(1.00006 0.000173035 0)
(1.00009 0.000203721 0)
(1.00012 0.000232265 0)
(1.00016 0.000256166 0)
(1.0002 0.000275132 0)
(1.00025 0.000287389 0)
(1.00029 0.000292262 0)
(1.00034 0.000291328 0)
(1.00039 0.000283545 0)
(1.00044 0.000268083 0)
(1.00047 0.000249834 0)
(1.00051 0.000225983 0)
(1.00052 0.000200499 0)
(1.00051 0.000176739 0)
(1.00047 0.000155785 0)
(1 1.53458e-05 0)
(1 4.64091e-05 0)
(1.00002 7.61022e-05 0)
(1.00003 0.000105084 0)
(1.00005 0.000134163 0)
(1.00008 0.00016231 0)
(1.0001 0.000187626 0)
(1.00013 0.000210221 0)
(1.00017 0.00022901 0)
(1.0002 0.000243585 0)
(1.00024 0.000252922 0)
(1.00028 0.000256657 0)
(1.00032 0.00025491 0)
(1.00035 0.00024921 0)
(1.00039 0.00023736 0)
(1.00042 0.00022293 0)
(1.00045 0.000206339 0)
(1.00045 0.000187749 0)
(1.00045 0.000171611 0)
(1.00041 0.000157883 0)
(1 1.51746e-05 0)
(1.00001 4.46608e-05 0)
(1.00002 7.2628e-05 0)
(1.00004 9.88908e-05 0)
(1.00006 0.000123608 0)
(1.00008 0.000146874 0)
(1.00011 0.000167358 0)
(1.00014 0.000185 0)
(1.00017 0.000199489 0)
(1.0002 0.000210534 0)
(1.00023 0.000217512 0)
(1.00026 0.000220566 0)
(1.0003 0.000219279 0)
(1.00032 0.000215244 0)
(1.00035 0.000207594 0)
(1.00037 0.00019711 0)
(1.00039 0.000185761 0)
(1.0004 0.000173155 0)
(1.0004 0.000161891 0)
(1.00037 0.000153142 0)
(1 1.3986e-05 0)
(1.00001 4.06992e-05 0)
(1.00002 6.54891e-05 0)
(1.00004 8.80527e-05 0)
(1.00006 0.000108466 0)
(1.00009 0.000127209 0)
(1.00011 0.000143544 0)
(1.00014 0.000157318 0)
(1.00017 0.000168279 0)
(1.00019 0.00017659 0)
(1.00022 0.00018193 0)
(1.00025 0.000184437 0)
(1.00028 0.00018398 0)
(1.00029 0.000181402 0)
(1.00032 0.000176991 0)
(1.00033 0.000170572 0)
(1.00035 0.000163532 0)
(1.00035 0.000156149 0)
(1.00035 0.000149182 0)
(1.00034 0.000144235 0)
(1 1.20478e-05 0)
(1.00001 3.46649e-05 0)
(1.00002 5.50567e-05 0)
(1.00004 7.33096e-05 0)
(1.00006 8.92478e-05 0)
(1.00009 0.000103383 0)
(1.00011 0.00011554 0)
(1.00014 0.00012567 0)
(1.00017 0.000133734 0)
(1.00019 0.000139904 0)
(1.00021 0.000143992 0)
(1.00023 0.000146181 0)
(1.00026 0.000146321 0)
(1.00027 0.000144819 0)
(1.00029 0.000142143 0)
(1.0003 0.00013829 0)
(1.00032 0.000133815 0)
(1.00032 0.00012927 0)
(1.00033 0.000124938 0)
(1.00031 0.000121916 0)
(1 9.78751e-06 0)
(1.00001 2.84013e-05 0)
(1.00002 4.51303e-05 0)
(1.00004 6.01161e-05 0)
(1.00006 7.3165e-05 0)
(1.00009 8.46122e-05 0)
(1.00011 9.45082e-05 0)
(1.00013 0.000102946 0)
(1.00016 0.000109876 0)
(1.00018 0.000115488 0)
(1.00021 0.000119741 0)
(1.00022 0.000122675 0)
(1.00024 0.000124231 0)
(1.00025 0.000124495 0)
(1.00027 0.000123661 0)
(1.00028 0.000121934 0)
(1.00029 0.000119368 0)
(1.00029 0.000116578 0)
(1.0003 0.000113791 0)
(1.00029 0.000111715 0)
(1 4.32717e-06 0)
(1.00001 1.27864e-05 0)
(1.00002 2.05367e-05 0)
(1.00004 2.76044e-05 0)
(1.00006 3.38819e-05 0)
(1.00009 3.94533e-05 0)
(1.00011 4.43647e-05 0)
(1.00013 4.86547e-05 0)
(1.00016 5.22976e-05 0)
(1.00018 5.5359e-05 0)
(1.0002 5.78231e-05 0)
(1.00022 5.97225e-05 0)
(1.00024 6.1043e-05 0)
(1.00024 6.18089e-05 0)
(1.00026 6.20895e-05 0)
(1.00026 6.19913e-05 0)
(1.00028 6.15187e-05 0)
(1.00027 6.08864e-05 0)
(1.00028 6.01689e-05 0)
(1.00028 5.96304e-05 0)
(1.00003 0.000471149 0)
(0.998408 0.000532371 0)
(0.996859 0.00059825 0)
(0.995447 0.000659703 0)
(0.994196 0.000708951 0)
(0.993086 0.000743186 0)
(0.992089 0.000765712 0)
(0.99115 0.000778419 0)
(0.990235 0.00078576 0)
(0.989294 0.000789453 0)
(0.988313 0.000789383 0)
(0.987261 0.000789382 0)
(0.986146 0.000787578 0)
(0.984958 0.00078828 0)
(0.983725 0.000790707 0)
(0.982443 0.000794187 0)
(0.981147 0.000800446 0)
(0.979824 0.000805404 0)
(0.978508 0.000810471 0)
(0.977166 0.000815215 0)
(0.975824 0.00081639 0)
(0.974447 0.000818726 0)
(0.97305 0.000818925 0)
(0.971615 0.000818868 0)
(0.970179 0.000821562 0)
(0.96871 0.000820775 0)
(0.967254 0.000822941 0)
(0.965733 0.000824758 0)
(0.964194 0.000824661 0)
(0.962579 0.000827292 0)
(0.960953 0.000827154 0)
(0.959312 0.000825374 0)
(0.957702 0.000827212 0)
(0.956029 0.00082472 0)
(0.954348 0.000826183 0)
(0.952554 0.00082839 0)
(0.950777 0.000828174 0)
(0.948976 0.000828501 0)
(0.94721 0.000829512 0)
(0.945355 0.00083011 0)
(0.943468 0.000833276 0)
(0.941475 0.000832253 0)
(0.939547 0.000832358 0)
(0.937554 0.000830903 0)
(0.935579 0.000825572 0)
(0.933501 0.000825778 0)
(0.931423 0.000824391 0)
(0.9293 0.000817218 0)
(0.927247 0.000820562 0)
(0.92503 0.000828352 0)
(0.922796 0.000826896 0)
(0.920522 0.000834518 0)
(0.91824 0.000843647 0)
(0.915813 0.000835469 0)
(0.913446 0.000824597 0)
(0.911021 0.000819217 0)
(0.908618 0.000801946 0)
(0.906175 0.000786192 0)
(0.903787 0.000793763 0)
(0.901258 0.000819143 0)
(0.898659 0.000854208 0)
(0.895825 0.000875107 0)
(0.892956 0.000852432 0)
(0.890088 0.000805849 0)
(0.88741 0.000785698 0)
(0.884646 0.000785654 0)
(0.881912 0.000778761 0)
(0.87908 0.000781983 0)
(0.87624 0.000803967 0)
(0.873163 0.000813015 0)
(0.870106 0.00080056 0)
(0.866977 0.00080427 0)
(0.863841 0.000824849 0)
(0.860467 0.000820267 0)
(0.857168 0.000792741 0)
(0.853851 0.000788407 0)
(0.850573 0.000814523 0)
(0.847 0.000817966 0)
(0.843469 0.000782184 0)
(0.839942 0.000758737 0)
(0.836572 0.000785521 0)
(0.832881 0.000826686 0)
(0.829043 0.000814921 0)
(0.825088 0.000752079 0)
(0.821484 0.00070726 0)
(0.817925 0.000735906 0)
(0.814298 0.000814202 0)
(0.810103 0.000862216 0)
(0.805726 0.000819266 0)
(0.801344 0.000686307 0)
(0.797737 0.000511971 0)
(0.794928 0.000358636 0)
(0.793229 0.00025264 0)
(0.792182 0.000182438 0)
(0.791822 0.000131784 0)
(0.791624 0.000102469 0)
(0.791714 8.09029e-05 0)
(0.791707 6.30311e-05 0)
(0.791827 4.96275e-05 0)
(0.791811 3.39798e-05 0)
(1.00065 0.000666834 0)
(1.00007 0.000732727 0)
(0.999562 0.000815653 0)
(0.999179 0.000901021 0)
(0.998976 0.000976432 0)
(0.998919 0.00103525 0)
(0.999008 0.00107674 0)
(0.999166 0.00110306 0)
(0.999382 0.00111694 0)
(0.99958 0.00112185 0)
(0.99977 0.00111782 0)
(0.999896 0.00110937 0)
(0.999998 0.00109804 0)
(1.00003 0.00108927 0)
(1.00005 0.00108572 0)
(1.00003 0.00108741 0)
(1.00002 0.00109428 0)
(0.999992 0.00110316 0)
(1 0.0011114 0)
(0.999991 0.00111919 0)
(1.00002 0.00112232 0)
(1.00001 0.00112368 0)
(1.00003 0.0011232 0)
(1 0.00112078 0)
(1.00002 0.00112171 0)
(1.00001 0.00111999 0)
(1.00005 0.00112122 0)
(1.00004 0.00112327 0)
(1.00004 0.00112459 0)
(0.999971 0.00112712 0)
(0.999941 0.00112801 0)
(0.999887 0.001125 0)
(0.999912 0.0011266 0)
(0.999879 0.00112366 0)
(0.999873 0.00112642 0)
(0.999774 0.00112955 0)
(0.999724 0.00112972 0)
(0.99966 0.00112886 0)
(0.999675 0.00112976 0)
(0.999614 0.00113097 0)
(0.999565 0.00113687 0)
(0.999435 0.00113642 0)
(0.999392 0.00113638 0)
(0.999314 0.00113794 0)
(0.999279 0.00113291 0)
(0.999152 0.001134 0)
(0.999072 0.00113497 0)
(0.998947 0.00112608 0)
(0.998911 0.00112697 0)
(0.99877 0.0011418 0)
(0.998651 0.00114074 0)
(0.998492 0.00114644 0)
(0.998423 0.00116312 0)
(0.998248 0.00116059 0)
(0.998128 0.00114658 0)
(0.997968 0.00114356 0)
(0.997874 0.00112926 0)
(0.997677 0.00110389 0)
(0.997537 0.00110475 0)
(0.997316 0.00113228 0)
(0.997142 0.00117901 0)
(0.996871 0.00122476 0)
(0.99669 0.00122372 0)
(0.99644 0.00116529 0)
(0.996277 0.00111636 0)
(0.996032 0.00111261 0)
(0.995865 0.00111321 0)
(0.995562 0.00111252 0)
(0.99531 0.00113838 0)
(0.994955 0.00117298 0)
(0.99469 0.00117067 0)
(0.994306 0.0011584 0)
(0.994003 0.00118065 0)
(0.993612 0.00120331 0)
(0.993315 0.00118178 0)
(0.992897 0.00114798 0)
(0.992564 0.00116414 0)
(0.992133 0.00120138 0)
(0.991802 0.00119011 0)
(0.991333 0.0011412 0)
(0.990942 0.0011277 0)
(0.990431 0.00118145 0)
(0.990032 0.00122543 0)
(0.989502 0.00119686 0)
(0.989059 0.00111503 0)
(0.988491 0.00106886 0)
(0.98805 0.0011139 0)
(0.987479 0.00121163 0)
(0.986998 0.00125712 0)
(0.986384 0.00117403 0)
(0.985994 0.000949689 0)
(0.985712 0.000650154 0)
(0.985888 0.000342577 0)
(0.986294 0.000102585 0)
(0.987106 -2.8914e-05 0)
(0.987991 -8.88318e-05 0)
(0.988965 -0.000114333 0)
(0.989836 -9.5505e-05 0)
(0.990461 -8.78253e-05 0)
(0.991139 -4.49755e-05 0)
(1.00065 0.000382804 0)
(1.0001 0.000407122 0)
(0.999612 0.000453751 0)
(0.999242 0.000515995 0)
(0.999042 0.000585645 0)
(0.998981 0.000654227 0)
(0.999065 0.000715651 0)
(0.999218 0.000765073 0)
(0.99943 0.000800533 0)
(0.999627 0.000822324 0)
(0.999821 0.000830206 0)
(0.999953 0.000828078 0)
(1.00007 0.00081833 0)
(1.00012 0.000807472 0)
(1.00017 0.000800793 0)
(1.00017 0.000800316 0)
(1.00019 0.000807661 0)
(1.00018 0.000820155 0)
(1.00022 0.000834046 0)
(1.00023 0.000849289 0)
(1.00029 0.000859685 0)
(1.0003 0.000867536 0)
(1.00036 0.000871775 0)
(1.00037 0.000871743 0)
(1.00043 0.000874499 0)
(1.00046 0.00087446 0)
(1.00055 0.000876403 0)
(1.00057 0.000880914 0)
(1.00063 0.00088419 0)
(1.00061 0.000889556 0)
(1.00064 0.000894494 0)
(1.00064 0.000894216 0)
(1.00073 0.000898074 0)
(1.00076 0.000898997 0)
(1.00083 0.000903633 0)
(1.0008 0.000909072 0)
(1.00083 0.00091249 0)
(1.00085 0.000912901 0)
(1.00095 0.0009162 0)
(1.00098 0.00092006 0)
(1.00103 0.000926932 0)
(1.001 0.000929292 0)
(1.00106 0.000931333 0)
(1.00109 0.00093308 0)
(1.00117 0.000931868 0)
(1.00116 0.000935916 0)
(1.0012 0.000936798 0)
(1.0012 0.000932931 0)
(1.0013 0.000938802 0)
(1.00131 0.000954281 0)
(1.00134 0.00095642 0)
(1.00134 0.000965859 0)
(1.00145 0.00097939 0)
(1.00145 0.000975432 0)
(1.00151 0.000961877 0)
(1.00153 0.000956603 0)
(1.00161 0.000944532 0)
(1.00159 0.000929887 0)
(1.00163 0.000941088 0)
(1.00162 0.000979413 0)
(1.00171 0.00103616 0)
(1.00175 0.00107174 0)
(1.00187 0.00104538 0)
(1.00189 0.000978057 0)
(1.00194 0.000941458 0)
(1.00191 0.000948068 0)
(1.00198 0.000958325 0)
(1.00194 0.000978296 0)
(1.002 0.00101345 0)
(1.00199 0.00103577 0)
(1.00207 0.00102668 0)
(1.00205 0.00102903 0)
(1.00213 0.00105444 0)
(1.00214 0.00105738 0)
(1.00224 0.00102797 0)
(1.00222 0.00101474 0)
(1.00229 0.00104479 0)
(1.00232 0.00106487 0)
(1.00243 0.00103594 0)
(1.00241 0.00100316 0)
(1.00246 0.00102132 0)
(1.00246 0.00108164 0)
(1.00261 0.00109838 0)
(1.00264 0.00104641 0)
(1.00271 0.000971696 0)
(1.00264 0.000963274 0)
(1.00271 0.00104109 0)
(1.00277 0.00113317 0)
(1.00301 0.00113257 0)
(1.00315 0.000996312 0)
(1.00333 0.000736832 0)
(1.00332 0.000430899 0)
(1.00337 0.000136966 0)
(1.00329 -8.80966e-05 0)
(1.00331 -0.000248146 0)
(1.00322 -0.000311034 0)
(1.00325 -0.000324284 0)
(1.00317 -0.000262437 0)
(1.00321 -0.000228215 0)
(1.00314 -0.000124463 0)
(1.00068 0.000365157 0)
(1.00015 0.000388983 0)
(0.999693 0.000435295 0)
(0.999336 0.000500847 0)
(0.999142 0.000579074 0)
(0.999079 0.000662452 0)
(0.999152 0.000743088 0)
(0.999289 0.000814081 0)
(0.999484 0.000870674 0)
(0.999662 0.000910517 0)
(0.99984 0.000933729 0)
(0.999959 0.000942329 0)
(1.00007 0.000939775 0)
(1.00012 0.000931214 0)
(1.00017 0.000922802 0)
(1.00017 0.000919314 0)
(1.00021 0.000923116 0)
(1.0002 0.000934123 0)
(1.00024 0.000949029 0)
(1.00025 0.000966057 0)
(1.0003 0.0009821 0)
(1.00031 0.000994584 0)
(1.00037 0.00100399 0)
(1.00037 0.00100704 0)
(1.00044 0.00100952 0)
(1.00046 0.00101002 0)
(1.00056 0.00101069 0)
(1.00058 0.00101253 0)
(1.00065 0.00101541 0)
(1.00062 0.00101908 0)
(1.00065 0.00102546 0)
(1.00065 0.00102769 0)
(1.00075 0.0010306 0)
(1.00078 0.00103253 0)
(1.00085 0.00103634 0)
(1.00082 0.00103992 0)
(1.00085 0.00104318 0)
(1.00086 0.00104377 0)
(1.00097 0.00104437 0)
(1.001 0.00104644 0)
(1.00105 0.00105158 0)
(1.00102 0.00105593 0)
(1.00108 0.00105739 0)
(1.00112 0.00105903 0)
(1.0012 0.0010585 0)
(1.0012 0.00106112 0)
(1.00124 0.00106235 0)
(1.00125 0.00106128 0)
(1.00135 0.00106143 0)
(1.00136 0.00107138 0)
(1.0014 0.00107614 0)
(1.00141 0.00107972 0)
(1.00152 0.00108516 0)
(1.00153 0.00108563 0)
(1.00159 0.00107982 0)
(1.00161 0.00107598 0)
(1.0017 0.0010711 0)
(1.00169 0.00106504 0)
(1.00175 0.00107178 0)
(1.00174 0.00108927 0)
(1.00184 0.00111335 0)
(1.00189 0.00113165 0)
(1.00203 0.00112727 0)
(1.00206 0.0011017 0)
(1.00212 0.00108075 0)
(1.00209 0.00107963 0)
(1.00217 0.00108318 0)
(1.00216 0.00109296 0)
(1.00224 0.00110936 0)
(1.00225 0.00112627 0)
(1.00236 0.00112933 0)
(1.00236 0.00113009 0)
(1.00246 0.0011375 0)
(1.00249 0.00114008 0)
(1.00261 0.00113041 0)
(1.00263 0.00112247 0)
(1.00272 0.00112856 0)
(1.00276 0.00113665 0)
(1.0029 0.0011268 0)
(1.00292 0.00111705 0)
(1.00302 0.00112168 0)
(1.00305 0.00114358 0)
(1.00321 0.00114714 0)
(1.00327 0.00112342 0)
(1.00341 0.00108918 0)
(1.0034 0.0010849 0)
(1.00352 0.00111354 0)
(1.0036 0.00114601 0)
(1.00385 0.00112706 0)
(1.00402 0.00102339 0)
(1.00427 0.00082081 0)
(1.00433 0.000570431 0)
(1.00438 0.000318725 0)
(1.00422 0.000119027 0)
(1.00412 -2.51963e-05 0)
(1.0039 -8.75392e-05 0)
(1.00382 -0.000115497 0)
(1.00365 -9.94834e-05 0)
(1.00363 -9.30818e-05 0)
(1.00351 -5.30085e-05 0)
(1.00068 0.000276308 0)
(1.00018 0.000280765 0)
(0.99975 0.000312717 0)
(0.999417 0.0003684 0)
(0.999236 0.000441654 0)
(0.999175 0.000523672 0)
(0.999241 0.000605726 0)
(0.999364 0.000679957 0)
(0.99954 0.000740559 0)
(0.999697 0.000785144 0)
(0.999856 0.000812708 0)
(0.999961 0.000825781 0)
(1.00006 0.000826712 0)
(1.0001 0.000819561 0)
(1.00016 0.000809978 0)
(1.00017 0.000802292 0)
(1.0002 0.000801119 0)
(1.00021 0.000807067 0)
(1.00025 0.00081827 0)
(1.00026 0.000833342 0)
(1.00031 0.000848772 0)
(1.00032 0.000862908 0)
(1.00037 0.000874633 0)
(1.00037 0.00088009 0)
(1.00044 0.000883175 0)
(1.00046 0.000883604 0)
(1.00055 0.000884005 0)
(1.00058 0.000884303 0)
(1.00064 0.000884636 0)
(1.00063 0.00088642 0)
(1.00066 0.000891547 0)
(1.00065 0.000894903 0)
(1.00075 0.00089926 0)
(1.00078 0.000901548 0)
(1.00085 0.000905353 0)
(1.00082 0.000909306 0)
(1.00085 0.000912373 0)
(1.00086 0.00091348 0)
(1.00097 0.000913498 0)
(1.001 0.000914047 0)
(1.00105 0.000918198 0)
(1.00102 0.000923501 0)
(1.00108 0.000926969 0)
(1.00112 0.000928865 0)
(1.0012 0.000926017 0)
(1.0012 0.000929282 0)
(1.00124 0.000932943 0)
(1.00125 0.000931584 0)
(1.00135 0.000930562 0)
(1.00137 0.000941074 0)
(1.0014 0.000946961 0)
(1.00141 0.000950969 0)
(1.00152 0.000956477 0)
(1.00152 0.000956391 0)
(1.00159 0.000950471 0)
(1.00161 0.000946659 0)
(1.0017 0.00094176 0)
(1.00169 0.000934605 0)
(1.00175 0.000940054 0)
(1.00176 0.000958317 0)
(1.00185 0.000987267 0)
(1.00189 0.00101036 0)
(1.00201 0.00100321 0)
(1.00203 0.000971059 0)
(1.00211 0.000949348 0)
(1.0021 0.000954311 0)
(1.00219 0.000961322 0)
(1.00218 0.000972332 0)
(1.00226 0.000992147 0)
(1.00227 0.00101104 0)
(1.00238 0.00100974 0)
(1.00238 0.00100648 0)
(1.00248 0.00101679 0)
(1.00251 0.00102263 0)
(1.00263 0.00100864 0)
(1.00264 0.000993953 0)
(1.00274 0.00100165 0)
(1.00279 0.00101851 0)
(1.00292 0.00101107 0)
(1.00294 0.000992027 0)
(1.00303 0.000986524 0)
(1.00307 0.0010139 0)
(1.00323 0.00103367 0)
(1.0033 0.00101758 0)
(1.00342 0.000973317 0)
(1.00341 0.000945506 0)
(1.00353 0.000961395 0)
(1.00362 0.00100179 0)
(1.00388 0.000999292 0)
(1.00405 0.000906221 0)
(1.00426 0.000710006 0)
(1.00426 0.000458848 0)
(1.00428 0.000197737 0)
(1.00414 -9.99976e-06 0)
(1.00408 -0.000147933 0)
(1.0039 -0.000216191 0)
(1.00385 -0.000244537 0)
(1.00369 -0.000207398 0)
(1.00369 -0.000188596 0)
(1.00356 -0.000109634 0)
(1.00066 0.000175885 0)
(1.00021 0.000177842 0)
(0.999812 0.000208825 0)
(0.999509 0.00026535 0)
(0.999346 0.000340062 0)
(0.999291 0.000425422 0)
(0.999351 0.000511421 0)
(0.999459 0.000590815 0)
(0.999614 0.00065822 0)
(0.999751 0.00071007 0)
(0.99989 0.000747029 0)
(0.999978 0.000769236 0)
(1.00006 0.000780755 0)
(1.0001 0.000783664 0)
(1.00015 0.000782096 0)
(1.00017 0.000780601 0)
(1.00021 0.000782005 0)
(1.00022 0.000789668 0)
(1.00027 0.000802581 0)
(1.00028 0.000819116 0)
(1.00033 0.000837936 0)
(1.00034 0.000855011 0)
(1.00039 0.000871034 0)
(1.00038 0.000881798 0)
(1.00044 0.000888284 0)
(1.00047 0.000892047 0)
(1.00056 0.000895977 0)
(1.00059 0.000900039 0)
(1.00065 0.000903472 0)
(1.00063 0.00090597 0)
(1.00066 0.000910435 0)
(1.00066 0.000914413 0)
(1.00075 0.000920538 0)
(1.00079 0.000926265 0)
(1.00086 0.000931977 0)
(1.00083 0.000938831 0)
(1.00085 0.000943133 0)
(1.00087 0.000944575 0)
(1.00097 0.000945544 0)
(1.00101 0.000947201 0)
(1.00106 0.000950772 0)
(1.00103 0.000956689 0)
(1.00109 0.000960767 0)
(1.00112 0.000965875 0)
(1.0012 0.000966004 0)
(1.0012 0.00096769 0)
(1.00124 0.000972458 0)
(1.00125 0.000975202 0)
(1.00136 0.000972604 0)
(1.00137 0.000979274 0)
(1.00141 0.000988343 0)
(1.00141 0.000991723 0)
(1.00152 0.000992522 0)
(1.00152 0.000994135 0)
(1.00158 0.000993996 0)
(1.0016 0.000990801 0)
(1.00169 0.000988559 0)
(1.00169 0.000989311 0)
(1.00176 0.000996677 0)
(1.00176 0.00100689 0)
(1.00186 0.00101977 0)
(1.00189 0.00102952 0)
(1.002 0.00102579 0)
(1.00202 0.00101539 0)
(1.0021 0.00100974 0)
(1.00209 0.00101353 0)
(1.00218 0.00101604 0)
(1.00218 0.00102597 0)
(1.00227 0.00103997 0)
(1.00228 0.0010502 0)
(1.00238 0.00105109 0)
(1.0024 0.00105426 0)
(1.0025 0.00106044 0)
(1.00252 0.00105735 0)
(1.00264 0.0010464 0)
(1.00266 0.00104405 0)
(1.00276 0.00105194 0)
(1.00279 0.00105521 0)
(1.00291 0.00104066 0)
(1.00294 0.00103286 0)
(1.00305 0.00104222 0)
(1.00308 0.00106366 0)
(1.00323 0.00106153 0)
(1.00327 0.00103294 0)
(1.0034 0.00100174 0)
(1.00342 0.000998513 0)
(1.00357 0.00102549 0)
(1.00364 0.00104467 0)
(1.00385 0.00100374 0)
(1.00396 0.000888452 0)
(1.00416 0.000708401 0)
(1.00421 0.000507471 0)
(1.00428 0.000317453 0)
(1.00415 0.000160052 0)
(1.00409 3.05077e-05 0)
(1.0039 -3.53527e-05 0)
(1.00383 -7.13789e-05 0)
(1.00368 -7.00113e-05 0)
(1.00366 -7.17229e-05 0)
(1.00354 -4.63408e-05 0)
(1.00064 0.000136396 0)
(1.00023 0.000141496 0)
(0.999878 0.000172368 0)
(0.999606 0.000226287 0)
(0.999463 0.000296242 0)
(0.999415 0.000375177 0)
(0.999469 0.000456016 0)
(0.999563 0.000530618 0)
(0.999699 0.000596393 0)
(0.999814 0.00064876 0)
(0.999933 0.000688532 0)
(1 0.000716039 0)
(1.00008 0.00073308 0)
(1.0001 0.000743361 0)
(1.00015 0.000747191 0)
(1.00017 0.000749237 0)
(1.00022 0.000751229 0)
(1.00023 0.000756246 0)
(1.00028 0.000766835 0)
(1.0003 0.000780619 0)
(1.00035 0.000798037 0)
(1.00036 0.000814743 0)
(1.0004 0.000830094 0)
(1.00039 0.000841517 0)
(1.00045 0.000847802 0)
(1.00047 0.000849905 0)
(1.00056 0.000852231 0)
(1.00059 0.000857551 0)
(1.00065 0.000862648 0)
(1.00063 0.000866027 0)
(1.00066 0.000868868 0)
(1.00066 0.000867978 0)
(1.00076 0.000870687 0)
(1.00079 0.000875912 0)
(1.00086 0.000881196 0)
(1.00083 0.000889276 0)
(1.00085 0.000894112 0)
(1.00086 0.000893269 0)
(1.00097 0.000892267 0)
(1.00101 0.00089416 0)
(1.00106 0.000897558 0)
(1.00103 0.000901524 0)
(1.00109 0.000901159 0)
(1.00112 0.000905508 0)
(1.0012 0.000909857 0)
(1.0012 0.00091012 0)
(1.00124 0.000911353 0)
(1.00125 0.00091527 0)
(1.00136 0.000912583 0)
(1.00138 0.000915734 0)
(1.00141 0.000923821 0)
(1.00141 0.000927401 0)
(1.00152 0.000928997 0)
(1.00152 0.000930482 0)
(1.00158 0.000928743 0)
(1.00161 0.00092526 0)
(1.00169 0.000923789 0)
(1.00169 0.000922168 0)
(1.00175 0.000926183 0)
(1.00176 0.000934297 0)
(1.00186 0.000944376 0)
(1.00188 0.000955327 0)
(1.00199 0.000956329 0)
(1.002 0.000946419 0)
(1.00208 0.000936917 0)
(1.00209 0.00094181 0)
(1.00218 0.000948641 0)
(1.00219 0.000956576 0)
(1.00228 0.000966999 0)
(1.00229 0.000979047 0)
(1.00239 0.000982295 0)
(1.0024 0.000979428 0)
(1.00251 0.000979658 0)
(1.00253 0.000980956 0)
(1.00265 0.000976391 0)
(1.00266 0.000968522 0)
(1.00276 0.000964792 0)
(1.00279 0.00096928 0)
(1.00292 0.000968863 0)
(1.00294 0.000965196 0)
(1.00305 0.000959522 0)
(1.00307 0.000962682 0)
(1.00322 0.000965715 0)
(1.00327 0.000959995 0)
(1.00341 0.000943822 0)
(1.00342 0.000926566 0)
(1.00354 0.000916864 0)
(1.00361 0.000907186 0)
(1.00382 0.000875033 0)
(1.00395 0.000798681 0)
(1.00413 0.000656967 0)
(1.00412 0.000465206 0)
(1.00416 0.000252741 0)
(1.00404 6.96247e-05 0)
(1.00401 -5.68883e-05 0)
(1.00386 -0.00012498 0)
(1.00383 -0.000164087 0)
(1.00369 -0.000149203 0)
(1.0037 -0.000144175 0)
(1.00357 -9.0577e-05 0)
(1.00063 0.000106252 0)
(1.00026 0.000112444 0)
(0.999945 0.00014311 0)
(0.999701 0.000193308 0)
(0.999574 0.000257439 0)
(0.999532 0.000326915 0)
(0.999581 0.000398016 0)
(0.999664 0.000463719 0)
(0.999784 0.000522369 0)
(0.999881 0.000571803 0)
(0.999983 0.000611033 0)
(1.00004 0.000642123 0)
(1.0001 0.000664306 0)
(1.00012 0.000681077 0)
(1.00016 0.000691852 0)
(1.00017 0.000698417 0)
(1.00022 0.000703676 0)
(1.00024 0.000707786 0)
(1.0003 0.000716294 0)
(1.00032 0.00072788 0)
(1.00037 0.00074357 0)
(1.00038 0.000761259 0)
(1.00041 0.000777754 0)
(1.0004 0.000791651 0)
(1.00045 0.000800088 0)
(1.00047 0.000802749 0)
(1.00056 0.000804362 0)
(1.00059 0.000810174 0)
(1.00066 0.000819122 0)
(1.00064 0.000827122 0)
(1.00066 0.000832902 0)
(1.00066 0.000832128 0)
(1.00076 0.000830731 0)
(1.00079 0.000834899 0)
(1.00087 0.000841893 0)
(1.00084 0.000852367 0)
(1.00085 0.000861467 0)
(1.00086 0.000862418 0)
(1.00097 0.000858949 0)
(1.00101 0.000861419 0)
(1.00106 0.000868525 0)
(1.00103 0.000874742 0)
(1.00109 0.000872622 0)
(1.00113 0.000873218 0)
(1.0012 0.000881125 0)
(1.0012 0.000887326 0)
(1.00124 0.00088774 0)
(1.00125 0.000891025 0)
(1.00136 0.000891723 0)
(1.00138 0.000893522 0)
(1.00141 0.000901264 0)
(1.00142 0.000905597 0)
(1.00152 0.000906074 0)
(1.00152 0.00090962 0)
(1.00158 0.000912247 0)
(1.0016 0.000908917 0)
(1.00169 0.000907037 0)
(1.00169 0.000908928 0)
(1.00176 0.000914771 0)
(1.00177 0.000922304 0)
(1.00186 0.000928105 0)
(1.00188 0.00093272 0)
(1.00198 0.000932274 0)
(1.00199 0.000930649 0)
(1.00208 0.000930596 0)
(1.00208 0.00093612 0)
(1.00217 0.00093977 0)
(1.00219 0.000946973 0)
(1.00228 0.00095799 0)
(1.00229 0.000965965 0)
(1.00239 0.00096677 0)
(1.00241 0.000967674 0)
(1.00252 0.000972358 0)
(1.00254 0.000971096 0)
(1.00264 0.000962206 0)
(1.00266 0.000958101 0)
(1.00278 0.000962441 0)
(1.0028 0.000966908 0)
(1.00291 0.00095766 0)
(1.00293 0.000948412 0)
(1.00305 0.000949919 0)
(1.00309 0.000962754 0)
(1.00322 0.000965946 0)
(1.00326 0.000947416 0)
(1.00338 0.000920175 0)
(1.00341 0.000904844 0)
(1.00356 0.000909206 0)
(1.00362 0.000911337 0)
(1.0038 0.00087204 0)
(1.00387 0.000772024 0)
(1.00403 0.000621428 0)
(1.00405 0.000457653 0)
(1.00414 0.000308085 0)
(1.00405 0.000185812 0)
(1.00402 8.50011e-05 0)
(1.00386 1.3213e-05 0)
(1.00383 -2.80924e-05 0)
(1.00368 -3.93777e-05 0)
(1.00368 -4.7716e-05 0)
(1.00355 -3.65271e-05 0)
(1.00061 8.49031e-05 0)
(1.00029 9.07337e-05 0)
(1.00002 0.000121803 0)
(0.999798 0.000170587 0)
(0.999684 0.000231524 0)
(0.999644 0.000295415 0)
(0.999688 0.000357925 0)
(0.999758 0.000415423 0)
(0.999865 0.000465482 0)
(0.999948 0.000509149 0)
(1.00004 0.00054535 0)
(1.00008 0.000576242 0)
(1.00013 0.000602072 0)
(1.00014 0.000623611 0)
(1.00017 0.000641147 0)
(1.00018 0.00065379 0)
(1.00022 0.000663492 0)
(1.00024 0.00066992 0)
(1.00031 0.000676612 0)
(1.00033 0.000685956 0)
(1.00039 0.000698941 0)
(1.0004 0.000715548 0)
(1.00043 0.000733914 0)
(1.00041 0.000750161 0)
(1.00045 0.000762027 0)
(1.00047 0.000767141 0)
(1.00057 0.000767382 0)
(1.0006 0.00077089 0)
(1.00067 0.000780122 0)
(1.00064 0.000791343 0)
(1.00066 0.000801636 0)
(1.00066 0.00080398 0)
(1.00076 0.000799693 0)
(1.0008 0.000799073 0)
(1.00087 0.000804398 0)
(1.00084 0.000816217 0)
(1.00086 0.000828634 0)
(1.00086 0.000833431 0)
(1.00096 0.000828279 0)
(1.00101 0.000825717 0)
(1.00107 0.000834138 0)
(1.00103 0.000844788 0)
(1.00108 0.000843532 0)
(1.00113 0.000839536 0)
(1.00121 0.000843407 0)
(1.00121 0.000854394 0)
(1.00124 0.000860212 0)
(1.00125 0.000858984 0)
(1.00136 0.000856585 0)
(1.00138 0.000860648 0)
(1.00141 0.000868485 0)
(1.00141 0.000870521 0)
(1.00152 0.000871231 0)
(1.00153 0.000877102 0)
(1.00158 0.000881048 0)
(1.0016 0.000877551 0)
(1.0017 0.000876076 0)
(1.00169 0.000877313 0)
(1.00176 0.000879854 0)
(1.00177 0.000885082 0)
(1.00186 0.000888999 0)
(1.00187 0.000891252 0)
(1.00197 0.000891963 0)
(1.00199 0.000894085 0)
(1.00207 0.000894549 0)
(1.00208 0.000899055 0)
(1.00217 0.000904885 0)
(1.00219 0.000912006 0)
(1.00228 0.000919379 0)
(1.00229 0.000926118 0)
(1.0024 0.000929872 0)
(1.00241 0.000928914 0)
(1.00252 0.000926783 0)
(1.00253 0.000924406 0)
(1.00265 0.000922091 0)
(1.00267 0.000919613 0)
(1.00277 0.000915283 0)
(1.00279 0.000912678 0)
(1.00291 0.000909989 0)
(1.00294 0.000910268 0)
(1.00305 0.00090924 0)
(1.00308 0.000906183 0)
(1.00321 0.00089944 0)
(1.00325 0.000889403 0)
(1.00339 0.000880522 0)
(1.00341 0.000870257 0)
(1.00354 0.000854982 0)
(1.00358 0.000826507 0)
(1.00376 0.000776639 0)
(1.00384 0.000702229 0)
(1.004 0.000593723 0)
(1.004 0.0004519 0)
(1.00404 0.000290255 0)
(1.00394 0.000138478 0)
(1.00394 1.90855e-05 0)
(1.00382 -4.66801e-05 0)
(1.00381 -8.95302e-05 0)
(1.00369 -9.29299e-05 0)
(1.0037 -9.831e-05 0)
(1.00358 -6.84945e-05 0)
(1.00059 7.58301e-05 0)
(1.00033 7.86866e-05 0)
(1.00009 0.000106006 0)
(0.9999 0.000152504 0)
(0.999797 0.000209844 0)
(0.999754 0.000270733 0)
(0.999788 0.000327696 0)
(0.999845 0.000378431 0)
(0.999938 0.000421344 0)
(1.00001 0.000456913 0)
(1.00009 0.000488075 0)
(1.00012 0.000514598 0)
(1.00017 0.000539776 0)
(1.00017 0.000563415 0)
(1.0002 0.000584969 0)
(1.0002 0.00060409 0)
(1.00024 0.00061846 0)
(1.00025 0.00062936 0)
(1.00031 0.00063652 0)
(1.00034 0.000643135 0)
(1.00041 0.000653375 0)
(1.00042 0.000666092 0)
(1.00046 0.00068439 0)
(1.00043 0.000702961 0)
(1.00047 0.00071753 0)
(1.00047 0.000727174 0)
(1.00056 0.000726688 0)
(1.00061 0.000726212 0)
(1.00068 0.000732763 0)
(1.00066 0.000743861 0)
(1.00067 0.000759287 0)
(1.00065 0.000767634 0)
(1.00075 0.000764232 0)
(1.00079 0.000759643 0)
(1.00088 0.000760204 0)
(1.00086 0.000771835 0)
(1.00087 0.000787896 0)
(1.00085 0.000797354 0)
(1.00095 0.00079455 0)
(1.00101 0.000786294 0)
(1.00107 0.000790393 0)
(1.00103 0.00080611 0)
(1.00108 0.000809619 0)
(1.00112 0.000802852 0)
(1.00121 0.000800369 0)
(1.00121 0.00080942 0)
(1.00124 0.000823421 0)
(1.00124 0.000825935 0)
(1.00135 0.000817791 0)
(1.00139 0.000820335 0)
(1.00142 0.000832983 0)
(1.00141 0.000835102 0)
(1.00152 0.000831494 0)
(1.00153 0.000837026 0)
(1.00158 0.000844248 0)
(1.00159 0.000841179 0)
(1.00169 0.000836542 0)
(1.00169 0.000838459 0)
(1.00177 0.000842687 0)
(1.00177 0.000847611 0)
(1.00186 0.000852464 0)
(1.00188 0.000855594 0)
(1.00197 0.000853897 0)
(1.00198 0.000854191 0)
(1.00207 0.000858639 0)
(1.00207 0.000864715 0)
(1.00216 0.000866954 0)
(1.00218 0.000870198 0)
(1.00228 0.000878182 0)
(1.00229 0.000884835 0)
(1.00239 0.000885627 0)
(1.00241 0.00088446 0)
(1.00252 0.000886405 0)
(1.00254 0.000886911 0)
(1.00265 0.000881463 0)
(1.00266 0.000876527 0)
(1.00278 0.000876173 0)
(1.0028 0.000878999 0)
(1.00291 0.000875427 0)
(1.00293 0.000867713 0)
(1.00304 0.000862985 0)
(1.00308 0.000864417 0)
(1.00321 0.000866079 0)
(1.00324 0.000856667 0)
(1.00336 0.000837634 0)
(1.00339 0.000816663 0)
(1.00353 0.000801985 0)
(1.00358 0.000785676 0)
(1.00374 0.000745961 0)
(1.00379 0.000666065 0)
(1.00391 0.00054867 0)
(1.00392 0.000417338 0)
(1.004 0.000297442 0)
(1.00394 0.000198341 0)
(1.00395 0.000119836 0)
(1.00382 5.96047e-05 0)
(1.00381 1.3294e-05 0)
(1.00368 -8.73691e-06 0)
(1.00369 -2.16745e-05 0)
(1.00356 -2.377e-05 0)
(1.00056 8.34611e-05 0)
(1.00035 8.03502e-05 0)
(1.00016 9.97072e-05 0)
(0.999999 0.000138911 0)
(0.999911 0.000190319 0)
(0.999866 0.000246012 0)
(0.999887 0.000299924 0)
(0.999927 0.000345606 0)
(1 0.000384637 0)
(1.00006 0.000414436 0)
(1.00013 0.000440122 0)
(1.00016 0.000462363 0)
(1.00021 0.000482923 0)
(1.00021 0.000505816 0)
(1.00023 0.000527653 0)
(1.00023 0.000550703 0)
(1.00026 0.000570025 0)
(1.00026 0.000585319 0)
(1.00032 0.000596163 0)
(1.00035 0.000601512 0)
(1.00042 0.000609197 0)
(1.00044 0.000617887 0)
(1.00048 0.000632631 0)
(1.00045 0.000652568 0)
(1.00048 0.000669307 0)
(1.00047 0.000683535 0)
(1.00056 0.000686331 0)
(1.0006 0.000683099 0)
(1.00068 0.000686215 0)
(1.00067 0.000694485 0)
(1.00069 0.000712183 0)
(1.00066 0.000727435 0)
(1.00074 0.000728058 0)
(1.00078 0.000722791 0)
(1.00088 0.000717654 0)
(1.00087 0.000724987 0)
(1.00088 0.000742841 0)
(1.00086 0.000755631 0)
(1.00094 0.000757339 0)
(1.001 0.000747588 0)
(1.00108 0.000743636 0)
(1.00104 0.000760468 0)
(1.00107 0.000771972 0)
(1.00111 0.00076709 0)
(1.00121 0.000761279 0)
(1.00122 0.000763462 0)
(1.00125 0.000778991 0)
(1.00123 0.000791037 0)
(1.00134 0.000779561 0)
(1.00139 0.000773302 0)
(1.00142 0.000789625 0)
(1.0014 0.000795978 0)
(1.00151 0.000788955 0)
(1.00153 0.000793269 0)
(1.00158 0.000804259 0)
(1.00159 0.000805118 0)
(1.00169 0.000801619 0)
(1.0017 0.000802729 0)
(1.00177 0.000805352 0)
(1.00177 0.000807632 0)
(1.00186 0.000808943 0)
(1.00187 0.000810995 0)
(1.00196 0.000810713 0)
(1.00198 0.000811386 0)
(1.00206 0.000815652 0)
(1.00207 0.000822991 0)
(1.00216 0.000828253 0)
(1.00218 0.000831957 0)
(1.00228 0.000837779 0)
(1.00229 0.000843193 0)
(1.00239 0.000846192 0)
(1.00241 0.00084604 0)
(1.00252 0.000844525 0)
(1.00253 0.000842222 0)
(1.00265 0.000839967 0)
(1.00266 0.000839405 0)
(1.00277 0.000837047 0)
(1.00279 0.000833296 0)
(1.0029 0.000828568 0)
(1.00293 0.00082687 0)
(1.00305 0.000826939 0)
(1.00307 0.000823786 0)
(1.00319 0.000815888 0)
(1.00322 0.000803249 0)
(1.00336 0.000792438 0)
(1.00339 0.000781567 0)
(1.00352 0.000764482 0)
(1.00355 0.00073183 0)
(1.00369 0.000679839 0)
(1.00374 0.000610381 0)
(1.00388 0.000525306 0)
(1.00387 0.000421754 0)
(1.00394 0.000304864 0)
(1.00385 0.000187994 0)
(1.00387 8.68029e-05 0)
(1.00377 1.67259e-05 0)
(1.00378 -2.69767e-05 0)
(1.00367 -4.20724e-05 0)
(1.0037 -5.38932e-05 0)
(1.00358 -4.45237e-05 0)
(1.00051 0.000103563 0)
(1.00035 9.50119e-05 0)
(1.00021 0.000106991 0)
(1.00009 0.000135018 0)
(1.00002 0.000177191 0)
(0.999975 0.000223874 0)
(0.999985 0.00027241 0)
(1.00001 0.000314244 0)
(1.00007 0.000349809 0)
(1.00011 0.000378097 0)
(1.00017 0.000399353 0)
(1.0002 0.000419321 0)
(1.00024 0.000434939 0)
(1.00024 0.000454114 0)
(1.00027 0.000473778 0)
(1.00026 0.000495387 0)
(1.00029 0.000518277 0)
(1.00029 0.00053621 0)
(1.00033 0.000552255 0)
(1.00035 0.000559679 0)
(1.00042 0.000565605 0)
(1.00045 0.000572162 0)
(1.0005 0.000580927 0)
(1.00048 0.000599414 0)
(1.0005 0.000617091 0)
(1.00049 0.000634053 0)
(1.00055 0.00064298 0)
(1.00059 0.000639931 0)
(1.00068 0.000639847 0)
(1.00068 0.000644064 0)
(1.00071 0.000658627 0)
(1.00067 0.000678563 0)
(1.00073 0.000685087 0)
(1.00077 0.000682565 0)
(1.00087 0.000675408 0)
(1.00088 0.000675581 0)
(1.0009 0.000692048 0)
(1.00086 0.000708068 0)
(1.00093 0.000714305 0)
(1.00098 0.000709517 0)
(1.00108 0.000699571 0)
(1.00106 0.00070978 0)
(1.00107 0.000727394 0)
(1.00109 0.000726761 0)
(1.00119 0.000719764 0)
(1.00122 0.000716351 0)
(1.00126 0.000725429 0)
(1.00123 0.000745559 0)
(1.00132 0.000742942 0)
(1.00138 0.000727932 0)
(1.00143 0.000741188 0)
(1.0014 0.000757458 0)
(1.00151 0.000750182 0)
(1.00153 0.000747751 0)
(1.00158 0.000758807 0)
(1.00158 0.000762001 0)
(1.00168 0.000757008 0)
(1.00169 0.000755979 0)
(1.00177 0.000759339 0)
(1.00177 0.000763201 0)
(1.00186 0.000765561 0)
(1.00187 0.000769856 0)
(1.00196 0.000772545 0)
(1.00197 0.000771815 0)
(1.00206 0.000773903 0)
(1.00207 0.000782021 0)
(1.00216 0.00078704 0)
(1.00218 0.00078668 0)
(1.00228 0.000789855 0)
(1.00229 0.000796147 0)
(1.00239 0.000798421 0)
(1.00241 0.00079642 0)
(1.00252 0.000795951 0)
(1.00253 0.000797078 0)
(1.00264 0.000795142 0)
(1.00266 0.000791593 0)
(1.00277 0.000789175 0)
(1.00279 0.000789151 0)
(1.0029 0.000787713 0)
(1.00292 0.000782692 0)
(1.00303 0.000776675 0)
(1.00306 0.000771498 0)
(1.00319 0.000768417 0)
(1.00321 0.000761416 0)
(1.00334 0.000748482 0)
(1.00336 0.000728499 0)
(1.00349 0.000705714 0)
(1.00353 0.000678533 0)
(1.00367 0.000639046 0)
(1.0037 0.000575124 0)
(1.00381 0.000487186 0)
(1.0038 0.000383891 0)
(1.00388 0.000287289 0)
(1.00383 0.000204097 0)
(1.00387 0.000139864 0)
(1.00377 8.85492e-05 0)
(1.00378 5.1167e-05 0)
(1.00366 2.13247e-05 0)
(1.00368 4.77087e-06 0)
(1.00357 -8.77649e-06 0)
(1.00045 0.000125902 0)
(1.00034 0.000116506 0)
(1.00024 0.000123548 0)
(1.00015 0.000142281 0)
(1.0001 0.000173029 0)
(1.00007 0.000209168 0)
(1.00008 0.000247889 0)
(1.00009 0.00028489 0)
(1.00013 0.000315741 0)
(1.00015 0.000343018 0)
(1.0002 0.000362565 0)
(1.00022 0.000380772 0)
(1.00026 0.000395045 0)
(1.00027 0.000409222 0)
(1.0003 0.000426251 0)
(1.0003 0.000443062 0)
(1.00032 0.000464988 0)
(1.00031 0.000484175 0)
(1.00035 0.000502787 0)
(1.00036 0.000515514 0)
(1.00043 0.000521468 0)
(1.00045 0.000527876 0)
(1.00051 0.000532084 0)
(1.0005 0.000545197 0)
(1.00053 0.000562384 0)
(1.0005 0.00057934 0)
(1.00055 0.000594169 0)
(1.00058 0.000595387 0)
(1.00067 0.000593742 0)
(1.00069 0.000595093 0)
(1.00073 0.000603266 0)
(1.00068 0.000622978 0)
(1.00073 0.000635838 0)
(1.00076 0.000638199 0)
(1.00086 0.000633662 0)
(1.00088 0.000628413 0)
(1.00091 0.000638924 0)
(1.00087 0.00065572 0)
(1.00093 0.000665101 0)
(1.00096 0.000666165 0)
(1.00107 0.00065566 0)
(1.00107 0.000656085 0)
(1.00108 0.000674499 0)
(1.00109 0.000681496 0)
(1.00118 0.000676739 0)
(1.00121 0.000672578 0)
(1.00127 0.000673739 0)
(1.00124 0.000692367 0)
(1.0013 0.000702346 0)
(1.00137 0.000685102 0)
(1.00143 0.000685702 0)
(1.0014 0.000706132 0)
(1.00149 0.00070459 0)
(1.00153 0.000696716 0)
(1.00158 0.00070639 0)
(1.00158 0.000715274 0)
(1.00168 0.000714252 0)
(1.00169 0.000713755 0)
(1.00177 0.000715888 0)
(1.00177 0.000718886 0)
(1.00186 0.000719597 0)
(1.00187 0.00072057 0)
(1.00195 0.000723312 0)
(1.00197 0.000723995 0)
(1.00206 0.000723872 0)
(1.00207 0.000729869 0)
(1.00215 0.000737868 0)
(1.00217 0.000740036 0)
(1.00228 0.000741255 0)
(1.00229 0.000745649 0)
(1.00239 0.000749348 0)
(1.0024 0.000749397 0)
(1.00251 0.000748016 0)
(1.00252 0.000746923 0)
(1.00263 0.000745206 0)
(1.00265 0.000744076 0)
(1.00276 0.000742646 0)
(1.00278 0.00073972 0)
(1.00289 0.000735153 0)
(1.00291 0.000730459 0)
(1.00303 0.000727833 0)
(1.00305 0.000723713 0)
(1.00317 0.000716947 0)
(1.00319 0.000705118 0)
(1.00332 0.000692221 0)
(1.00335 0.000677586 0)
(1.00348 0.000658776 0)
(1.0035 0.000627432 0)
(1.00362 0.000581761 0)
(1.00365 0.000521411 0)
(1.00377 0.000454097 0)
(1.00376 0.000377827 0)
(1.00383 0.000297195 0)
(1.00377 0.000212347 0)
(1.00381 0.000135233 0)
(1.00372 7.20403e-05 0)
(1.00375 2.66715e-05 0)
(1.00365 9.77877e-08 0)
(1.00368 -1.46884e-05 0)
(1.00357 -2.00345e-05 0)
(1.00041 0.00014208 0)
(1.00032 0.000135702 0)
(1.00025 0.000140442 0)
(1.00019 0.000153834 0)
(1.00017 0.000174719 0)
(1.00014 0.000201091 0)
(1.00015 0.000229053 0)
(1.00015 0.00025863 0)
(1.00019 0.000284154 0)
(1.0002 0.000307999 0)
(1.00024 0.000326971 0)
(1.00025 0.000343302 0)
(1.00028 0.000358145 0)
(1.00029 0.000369644 0)
(1.00032 0.000383665 0)
(1.00033 0.000396742 0)
(1.00035 0.00041361 0)
(1.00035 0.000431943 0)
(1.00038 0.000449586 0)
(1.00037 0.000466386 0)
(1.00043 0.000475133 0)
(1.00045 0.00048224 0)
(1.00052 0.000485815 0)
(1.00052 0.000492505 0)
(1.00055 0.000506864 0)
(1.00053 0.000521752 0)
(1.00056 0.000538777 0)
(1.00058 0.000546251 0)
(1.00066 0.000545646 0)
(1.00068 0.000546178 0)
(1.00074 0.000548897 0)
(1.0007 0.000563689 0)
(1.00074 0.000580137 0)
(1.00075 0.000587118 0)
(1.00084 0.000587019 0)
(1.00087 0.00058087 0)
(1.00092 0.000583803 0)
(1.00089 0.000598678 0)
(1.00093 0.000610528 0)
(1.00095 0.000616139 0)
(1.00105 0.000610486 0)
(1.00107 0.000604528 0)
(1.0011 0.000617214 0)
(1.00108 0.000629452 0)
(1.00117 0.000628002 0)
(1.0012 0.00062429 0)
(1.00127 0.00062064 0)
(1.00125 0.000630892 0)
(1.0013 0.000648479 0)
(1.00135 0.000640314 0)
(1.00144 0.000631467 0)
(1.00141 0.000649952 0)
(1.00148 0.0006587 0)
(1.00152 0.000649857 0)
(1.00159 0.000653612 0)
(1.00158 0.000663123 0)
(1.00166 0.000662899 0)
(1.00168 0.000660822 0)
(1.00176 0.000661339 0)
(1.00177 0.00066411 0)
(1.00185 0.000666774 0)
(1.00186 0.00066879 0)
(1.00195 0.000672645 0)
(1.00196 0.000675854 0)
(1.00206 0.000675951 0)
(1.00207 0.000679638 0)
(1.00215 0.00068721 0)
(1.00217 0.000689618 0)
(1.00227 0.000688847 0)
(1.00228 0.000691742 0)
(1.00238 0.000695359 0)
(1.0024 0.000694669 0)
(1.00251 0.000692508 0)
(1.00252 0.00069249 0)
(1.00263 0.000692281 0)
(1.00264 0.000690265 0)
(1.00275 0.00068758 0)
(1.00277 0.000685256 0)
(1.00288 0.000683098 0)
(1.00291 0.000678942 0)
(1.00302 0.000673708 0)
(1.00304 0.000666847 0)
(1.00316 0.000660778 0)
(1.00318 0.000652886 0)
(1.0033 0.000642425 0)
(1.00332 0.000625275 0)
(1.00345 0.000602795 0)
(1.00347 0.000573235 0)
(1.0036 0.000537423 0)
(1.00361 0.000487603 0)
(1.00372 0.000425372 0)
(1.0037 0.000349169 0)
(1.00378 0.000274263 0)
(1.00373 0.000204283 0)
(1.00378 0.000150307 0)
(1.00371 0.000104207 0)
(1.00374 7.34181e-05 0)
(1.00364 4.37447e-05 0)
(1.00367 2.97713e-05 0)
(1.00356 7.6483e-06 0)
(1.00037 0.000149705 0)
(1.00031 0.000147027 0)
(1.00027 0.000151054 0)
(1.00022 0.000161553 0)
(1.00021 0.00017605 0)
(1.00019 0.000194961 0)
(1.00021 0.000214533 0)
(1.00021 0.000236042 0)
(1.00023 0.000255947 0)
(1.00024 0.00027473 0)
(1.00027 0.000291855 0)
(1.00028 0.000306219 0)
(1.00031 0.00032062 0)
(1.00031 0.000331813 0)
(1.00034 0.000343579 0)
(1.00035 0.000354631 0)
(1.00038 0.000366654 0)
(1.00037 0.000381607 0)
(1.0004 0.000396463 0)
(1.00039 0.000413138 0)
(1.00044 0.000425097 0)
(1.00045 0.00043348 0)
(1.00051 0.000438808 0)
(1.00052 0.000442243 0)
(1.00057 0.000451946 0)
(1.00055 0.000464048 0)
(1.00058 0.000479183 0)
(1.00058 0.000491218 0)
(1.00066 0.000494004 0)
(1.00067 0.000495073 0)
(1.00074 0.000495623 0)
(1.00072 0.000504111 0)
(1.00075 0.00051964 0)
(1.00075 0.000529856 0)
(1.00083 0.000534118 0)
(1.00085 0.0005312 0)
(1.00092 0.000529343 0)
(1.0009 0.000539484 0)
(1.00094 0.000551448 0)
(1.00095 0.000558673 0)
(1.00103 0.000558426 0)
(1.00106 0.000551946 0)
(1.0011 0.000556699 0)
(1.00109 0.000569416 0)
(1.00116 0.000572588 0)
(1.00119 0.000570884 0)
(1.00126 0.000568098 0)
(1.00126 0.000571557 0)
(1.0013 0.000588004 0)
(1.00133 0.000590883 0)
(1.00143 0.000579216 0)
(1.00141 0.000587174 0)
(1.00147 0.000600064 0)
(1.0015 0.000594909 0)
(1.00158 0.000593396 0)
(1.00157 0.000602547 0)
(1.00166 0.00060642 0)
(1.00167 0.000606357 0)
(1.00176 0.000607398 0)
(1.00176 0.00060984 0)
(1.00185 0.000612758 0)
(1.00186 0.000614049 0)
(1.00194 0.000615822 0)
(1.00195 0.000619227 0)
(1.00205 0.000619972 0)
(1.00206 0.000620788 0)
(1.00215 0.000626688 0)
(1.00216 0.000631349 0)
(1.00227 0.000631064 0)
(1.00228 0.000631707 0)
(1.00238 0.000635044 0)
(1.00239 0.000636436 0)
(1.0025 0.000635189 0)
(1.00251 0.00063419 0)
(1.00262 0.000633662 0)
(1.00264 0.000632679 0)
(1.00275 0.000631565 0)
(1.00276 0.000629459 0)
(1.00287 0.000626396 0)
(1.00289 0.000621607 0)
(1.00301 0.000617601 0)
(1.00303 0.000612819 0)
(1.00314 0.000607491 0)
(1.00316 0.000598417 0)
(1.00328 0.000587374 0)
(1.0033 0.000572382 0)
(1.00343 0.000554494 0)
(1.00344 0.000527116 0)
(1.00356 0.000490987 0)
(1.00356 0.000441736 0)
(1.00367 0.000388648 0)
(1.00366 0.000329916 0)
(1.00374 0.000274036 0)
(1.00369 0.000214251 0)
(1.00374 0.000160601 0)
(1.00367 0.000108806 0)
(1.00371 7.09771e-05 0)
(1.00362 3.79048e-05 0)
(1.00366 2.12887e-05 0)
(1.00356 2.40883e-06 0)
(1.00034 0.000148005 0)
(1.0003 0.000147646 0)
(1.00027 0.000151337 0)
(1.00024 0.000159759 0)
(1.00024 0.000170568 0)
(1.00023 0.000184146 0)
(1.00025 0.000198401 0)
(1.00025 0.000213336 0)
(1.00027 0.000228318 0)
(1.00027 0.000242133 0)
(1.0003 0.000256079 0)
(1.0003 0.000268188 0)
(1.00033 0.000280664 0)
(1.00033 0.000291768 0)
(1.00036 0.00030209 0)
(1.00036 0.000312223 0)
(1.0004 0.000321381 0)
(1.00039 0.000332611 0)
(1.00043 0.000344232 0)
(1.00042 0.000357871 0)
(1.00045 0.000370655 0)
(1.00046 0.000380159 0)
(1.00051 0.000387382 0)
(1.00052 0.000390954 0)
(1.00057 0.000396815 0)
(1.00056 0.00040573 0)
(1.0006 0.000417223 0)
(1.00059 0.000429972 0)
(1.00065 0.000436508 0)
(1.00066 0.00043924 0)
(1.00074 0.000440303 0)
(1.00073 0.000444262 0)
(1.00077 0.000455612 0)
(1.00075 0.00046664 0)
(1.00082 0.000473558 0)
(1.00084 0.000474742 0)
(1.00091 0.000472493 0)
(1.00091 0.000477464 0)
(1.00095 0.000487361 0)
(1.00095 0.000495224 0)
(1.00102 0.000498918 0)
(1.00105 0.000495637 0)
(1.00111 0.00049535 0)
(1.00109 0.000504964 0)
(1.00115 0.000511494 0)
(1.00117 0.000511831 0)
(1.00125 0.000510354 0)
(1.00126 0.000509491 0)
(1.0013 0.000519162 0)
(1.00131 0.000528271 0)
(1.00141 0.00052164 0)
(1.00142 0.000521772 0)
(1.00147 0.000534613 0)
(1.00149 0.000536607 0)
(1.00158 0.000533389 0)
(1.00157 0.00053906 0)
(1.00165 0.000543794 0)
(1.00166 0.000543794 0)
(1.00175 0.000543862 0)
(1.00176 0.000544875 0)
(1.00184 0.000547015 0)
(1.00185 0.000548836 0)
(1.00194 0.000550256 0)
(1.00195 0.000553502 0)
(1.00204 0.000555721 0)
(1.00206 0.000556048 0)
(1.00215 0.000559599 0)
(1.00216 0.000564261 0)
(1.00226 0.000564803 0)
(1.00227 0.000564296 0)
(1.00237 0.000566302 0)
(1.00238 0.000567553 0)
(1.00249 0.000566286 0)
(1.00251 0.000565199 0)
(1.00261 0.000565327 0)
(1.00263 0.000564609 0)
(1.00274 0.00056291 0)
(1.00275 0.000560287 0)
(1.00286 0.000557785 0)
(1.00288 0.00055394 0)
(1.00299 0.000549737 0)
(1.00301 0.000543742 0)
(1.00313 0.000537638 0)
(1.00315 0.000529438 0)
(1.00327 0.000520029 0)
(1.00328 0.00050536 0)
(1.0034 0.000486698 0)
(1.00341 0.000460434 0)
(1.00352 0.00043072 0)
(1.00353 0.000392522 0)
(1.00363 0.000350569 0)
(1.00361 0.000298827 0)
(1.00369 0.000247293 0)
(1.00365 0.000193075 0)
(1.00371 0.000150263 0)
(1.00364 0.000109506 0)
(1.00369 8.38984e-05 0)
(1.00361 5.53907e-05 0)
(1.00365 4.39373e-05 0)
(1.00355 2.12315e-05 0)
(1.00032 0.000141466 0)
(1.00029 0.000142216 0)
(1.00028 0.00014572 0)
(1.00026 0.000152207 0)
(1.00026 0.000160532 0)
(1.00026 0.00017022 0)
(1.00027 0.000180811 0)
(1.00027 0.000191347 0)
(1.00029 0.000202375 0)
(1.0003 0.00021256 0)
(1.00032 0.000222927 0)
(1.00032 0.000232655 0)
(1.00035 0.000242396 0)
(1.00034 0.000252333 0)
(1.00037 0.000261339 0)
(1.00037 0.000270539 0)
(1.00041 0.000278419 0)
(1.00041 0.000286804 0)
(1.00044 0.000295741 0)
(1.00044 0.000305682 0)
(1.00047 0.000316951 0)
(1.00047 0.000326553 0)
(1.00052 0.000334737 0)
(1.00052 0.000339834 0)
(1.00058 0.000343988 0)
(1.00057 0.000350258 0)
(1.00061 0.000358444 0)
(1.0006 0.000369304 0)
(1.00065 0.000378068 0)
(1.00066 0.000382943 0)
(1.00073 0.000385481 0)
(1.00073 0.0003876 0)
(1.00078 0.000394567 0)
(1.00076 0.000404455 0)
(1.00082 0.000412533 0)
(1.00083 0.000417007 0)
(1.0009 0.000417062 0)
(1.00091 0.000418937 0)
(1.00095 0.000426025 0)
(1.00095 0.000434104 0)
(1.00101 0.000439865 0)
(1.00103 0.000440085 0)
(1.0011 0.000438413 0)
(1.0011 0.000443633 0)
(1.00115 0.000450816 0)
(1.00116 0.000453551 0)
(1.00124 0.000454165 0)
(1.00125 0.000453694 0)
(1.00131 0.000458896 0)
(1.00131 0.000469409 0)
(1.00139 0.000469694 0)
(1.00141 0.000466738 0)
(1.00147 0.000474849 0)
(1.00148 0.000480781 0)
(1.00157 0.000478695 0)
(1.00157 0.000481076 0)
(1.00165 0.000486262 0)
(1.00166 0.000488317 0)
(1.00174 0.00048953 0)
(1.00175 0.000491066 0)
(1.00184 0.000493244 0)
(1.00184 0.000495761 0)
(1.00193 0.000497415 0)
(1.00194 0.000499989 0)
(1.00203 0.000502998 0)
(1.00205 0.000503872 0)
(1.00214 0.000505723 0)
(1.00215 0.000509971 0)
(1.00225 0.000512165 0)
(1.00226 0.000511831 0)
(1.00237 0.000512987 0)
(1.00238 0.000515004 0)
(1.00248 0.000515309 0)
(1.0025 0.000514476 0)
(1.0026 0.000514419 0)
(1.00262 0.000514142 0)
(1.00273 0.000513506 0)
(1.00274 0.000511681 0)
(1.00285 0.000509497 0)
(1.00287 0.000505588 0)
(1.00298 0.000501679 0)
(1.003 0.00049664 0)
(1.00311 0.000492053 0)
(1.00313 0.000484951 0)
(1.00324 0.000476871 0)
(1.00326 0.000464246 0)
(1.00337 0.000449936 0)
(1.00338 0.000428473 0)
(1.00349 0.000403412 0)
(1.00349 0.000368296 0)
(1.00359 0.000331128 0)
(1.00357 0.000286682 0)
(1.00365 0.000246785 0)
(1.00361 0.000202506 0)
(1.00368 0.000166546 0)
(1.00362 0.00012593 0)
(1.00367 9.86149e-05 0)
(1.00359 6.56531e-05 0)
(1.00363 5.16675e-05 0)
(1.00354 2.53614e-05 0)
(1.00031 0.000120423 0)
(1.00029 0.000121264 0)
(1.00028 0.000124191 0)
(1.00027 0.000128973 0)
(1.00028 0.000135113 0)
(1.00027 0.000141961 0)
(1.00029 0.000149472 0)
(1.00029 0.000156942 0)
(1.00031 0.000164669 0)
(1.00031 0.000172056 0)
(1.00034 0.000179294 0)
(1.00034 0.000186452 0)
(1.00036 0.000193482 0)
(1.00036 0.000201062 0)
(1.00039 0.000208444 0)
(1.00038 0.000215948 0)
(1.00042 0.00022278 0)
(1.00042 0.000229097 0)
(1.00046 0.000235542 0)
(1.00045 0.000242244 0)
(1.00049 0.000250361 0)
(1.00048 0.000258451 0)
(1.00052 0.000265926 0)
(1.00053 0.000271613 0)
(1.00058 0.000275229 0)
(1.00058 0.00027928 0)
(1.00062 0.00028432 0)
(1.00061 0.000291713 0)
(1.00066 0.000299632 0)
(1.00066 0.000305157 0)
(1.00072 0.000308498 0)
(1.00073 0.000310062 0)
(1.00078 0.000313508 0)
(1.00077 0.000320348 0)
(1.00082 0.000327527 0)
(1.00083 0.000333067 0)
(1.0009 0.000334785 0)
(1.0009 0.000335114 0)
(1.00096 0.00033873 0)
(1.00095 0.000344487 0)
(1.00101 0.000349643 0)
(1.00102 0.00035184 0)
(1.00109 0.000350878 0)
(1.0011 0.000352661 0)
(1.00115 0.000358141 0)
(1.00116 0.000362021 0)
(1.00123 0.000363497 0)
(1.00125 0.000363419 0)
(1.00131 0.000364921 0)
(1.00131 0.000371697 0)
(1.00138 0.000375421 0)
(1.0014 0.000373272 0)
(1.00147 0.000376391 0)
(1.00147 0.000382666 0)
(1.00156 0.000383202 0)
(1.00157 0.000383584 0)
(1.00164 0.00038718 0)
(1.00165 0.00038959 0)
(1.00174 0.000390631 0)
(1.00175 0.000391608 0)
(1.00183 0.000392834 0)
(1.00184 0.000394754 0)
(1.00193 0.000396274 0)
(1.00194 0.000397877 0)
(1.00203 0.000400483 0)
(1.00204 0.000401945 0)
(1.00214 0.000402759 0)
(1.00215 0.000405374 0)
(1.00224 0.000407868 0)
(1.00226 0.000407995 0)
(1.00236 0.000408121 0)
(1.00237 0.000409277 0)
(1.00248 0.000409795 0)
(1.00249 0.000409145 0)
(1.0026 0.000409029 0)
(1.00261 0.00040887 0)
(1.00272 0.000408288 0)
(1.00273 0.000406444 0)
(1.00284 0.000404498 0)
(1.00286 0.000401532 0)
(1.00297 0.000398718 0)
(1.00299 0.000394714 0)
(1.0031 0.00039096 0)
(1.00311 0.000385219 0)
(1.00323 0.000379054 0)
(1.00324 0.000368838 0)
(1.00335 0.000356651 0)
(1.00335 0.000338081 0)
(1.00346 0.00031766 0)
(1.00346 0.00029075 0)
(1.00355 0.000263878 0)
(1.00354 0.000230619 0)
(1.00362 0.0001999 0)
(1.00358 0.000163991 0)
(1.00364 0.000135906 0)
(1.00359 0.000104253 0)
(1.00364 8.52855e-05 0)
(1.00357 6.02289e-05 0)
(1.00362 5.12984e-05 0)
(1.00353 2.99958e-05 0)
(1.00029 0.000110771 0)
(1.00028 0.000111366 0)
(1.00028 0.000113638 0)
(1.00027 0.000117196 0)
(1.00029 0.00012178 0)
(1.00029 0.000126866 0)
(1.0003 0.000132346 0)
(1.0003 0.000137949 0)
(1.00032 0.000143639 0)
(1.00032 0.000149371 0)
(1.00035 0.000154976 0)
(1.00035 0.000160638 0)
(1.00037 0.000166223 0)
(1.00037 0.000172146 0)
(1.0004 0.000178306 0)
(1.00039 0.000184615 0)
(1.00043 0.00019087 0)
(1.00042 0.000196621 0)
(1.00046 0.000202175 0)
(1.00046 0.000207646 0)
(1.0005 0.000213705 0)
(1.00049 0.00022036 0)
(1.00053 0.000227039 0)
(1.00053 0.000233161 0)
(1.00058 0.000237896 0)
(1.00058 0.00024195 0)
(1.00063 0.000246186 0)
(1.00062 0.000251583 0)
(1.00067 0.000258148 0)
(1.00066 0.000264293 0)
(1.00072 0.000269132 0)
(1.00072 0.000272359 0)
(1.00078 0.000275422 0)
(1.00077 0.000280217 0)
(1.00083 0.000286169 0)
(1.00082 0.000291962 0)
(1.00089 0.000295822 0)
(1.00089 0.000297868 0)
(1.00095 0.000300637 0)
(1.00095 0.00030501 0)
(1.00101 0.000309924 0)
(1.00102 0.000313845 0)
(1.00108 0.000315326 0)
(1.00109 0.000316592 0)
(1.00115 0.000320238 0)
(1.00116 0.000324378 0)
(1.00122 0.00032723 0)
(1.00124 0.000329031 0)
(1.0013 0.000330514 0)
(1.00131 0.000334753 0)
(1.00138 0.00033988 0)
(1.00139 0.000341108 0)
(1.00147 0.000342524 0)
(1.00147 0.000347309 0)
(1.00155 0.000350151 0)
(1.00156 0.000351006 0)
(1.00164 0.000353547 0)
(1.00164 0.000356361 0)
(1.00173 0.000358173 0)
(1.00174 0.000359799 0)
(1.00182 0.000361426 0)
(1.00183 0.000363401 0)
(1.00192 0.000365376 0)
(1.00193 0.000367098 0)
(1.00202 0.000369457 0)
(1.00203 0.000371591 0)
(1.00213 0.000372771 0)
(1.00214 0.000374528 0)
(1.00224 0.000376975 0)
(1.00225 0.000378087 0)
(1.00235 0.000378492 0)
(1.00236 0.000379439 0)
(1.00247 0.000380556 0)
(1.00248 0.000380675 0)
(1.00259 0.000380838 0)
(1.0026 0.000380869 0)
(1.00271 0.000380932 0)
(1.00272 0.00037988 0)
(1.00283 0.000378693 0)
(1.00285 0.000376325 0)
(1.00296 0.000374207 0)
(1.00297 0.000370975 0)
(1.00308 0.000368528 0)
(1.0031 0.000364159 0)
(1.00321 0.000359756 0)
(1.00322 0.000351397 0)
(1.00333 0.000342434 0)
(1.00333 0.000327812 0)
(1.00344 0.000312338 0)
(1.00343 0.000289369 0)
(1.00353 0.000266666 0)
(1.00351 0.000236458 0)
(1.00359 0.000210271 0)
(1.00355 0.000177584 0)
(1.00362 0.000153616 0)
(1.00357 0.000122463 0)
(1.00363 0.000104445 0)
(1.00356 7.63568e-05 0)
(1.00361 6.67658e-05 0)
(1.00353 4.09593e-05 0)
(1.00028 5.94689e-05 0)
(1.00027 5.98519e-05 0)
(1.00028 6.09068e-05 0)
(1.00028 6.24837e-05 0)
(1.00029 6.45144e-05 0)
(1.00029 6.67857e-05 0)
(1.00031 6.9231e-05 0)
(1.00031 7.17871e-05 0)
(1.00033 7.43958e-05 0)
(1.00033 7.71138e-05 0)
(1.00036 7.98073e-05 0)
(1.00036 8.25573e-05 0)
(1.00038 8.52957e-05 0)
(1.00038 8.81246e-05 0)
(1.00041 9.11149e-05 0)
(1.00041 9.41987e-05 0)
(1.00044 9.7414e-05 0)
(1.00044 0.000100498 0)
(1.00047 0.000103502 0)
(1.00047 0.000106428 0)
(1.00051 0.000109421 0)
(1.0005 0.000112725 0)
(1.00054 0.000116126 0)
(1.00054 0.000119548 0)
(1.00059 0.000122592 0)
(1.00058 0.000125212 0)
(1.00063 0.000127789 0)
(1.00063 0.00013056 0)
(1.00068 0.000133859 0)
(1.00067 0.000137346 0)
(1.00073 0.000140452 0)
(1.00072 0.000143041 0)
(1.00078 0.000145259 0)
(1.00078 0.000147827 0)
(1.00084 0.000151007 0)
(1.00083 0.000154379 0)
(1.00089 0.00015732 0)
(1.00089 0.000159496 0)
(1.00096 0.000161394 0)
(1.00096 0.000163751 0)
(1.00102 0.00016651 0)
(1.00102 0.000169152 0)
(1.00108 0.000171007 0)
(1.00109 0.000172393 0)
(1.00115 0.00017443 0)
(1.00116 0.000177032 0)
(1.00122 0.000179367 0)
(1.00123 0.000181316 0)
(1.0013 0.00018286 0)
(1.00131 0.000185019 0)
(1.00138 0.000188043 0)
(1.00139 0.000190028 0)
(1.00146 0.000191313 0)
(1.00147 0.000193803 0)
(1.00155 0.000196227 0)
(1.00156 0.000197641 0)
(1.00164 0.00019934 0)
(1.00164 0.000201335 0)
(1.00173 0.000202974 0)
(1.00174 0.000204485 0)
(1.00182 0.000205953 0)
(1.00183 0.000207477 0)
(1.00192 0.000209095 0)
(1.00193 0.000210603 0)
(1.00202 0.000212281 0)
(1.00203 0.000214028 0)
(1.00213 0.000215425 0)
(1.00214 0.000216778 0)
(1.00223 0.000218488 0)
(1.00225 0.000219824 0)
(1.00235 0.000220751 0)
(1.00236 0.000221656 0)
(1.00246 0.00022277 0)
(1.00247 0.000223512 0)
(1.00258 0.000224309 0)
(1.00259 0.000224896 0)
(1.0027 0.00022553 0)
(1.00272 0.000225423 0)
(1.00282 0.000225301 0)
(1.00284 0.000224494 0)
(1.00295 0.000224138 0)
(1.00296 0.000223142 0)
(1.00307 0.000222951 0)
(1.00308 0.000221566 0)
(1.0032 0.000220624 0)
(1.0032 0.000217147 0)
(1.00331 0.00021388 0)
(1.00331 0.000206886 0)
(1.00341 0.000200108 0)
(1.0034 0.00018825 0)
(1.00349 0.000177655 0)
(1.00348 0.0001615 0)
(1.00356 0.000148819 0)
(1.00352 0.000129767 0)
(1.00359 0.00011684 0)
(1.00354 9.64578e-05 0)
(1.0036 8.61388e-05 0)
(1.00354 6.63675e-05 0)
(1.00358 6.08795e-05 0)
(1.00351 4.17582e-05 0)
)
;

boundaryField
{
    zeroGradientPlanes
    {
        type            zeroGradient;
    }
    inlet
    {
        type            fixedValue;
        value           uniform (1 0 0);
    }
    plate
    {
        type            noSlip;
    }
    frontAndBack
    {
        type            empty;
    }
}


// ************************************************************************* //
