/*--------------------------------*- C++ -*----------------------------------*\
| =========                 |                                                 |
| \\      /  F ield         | OpenFOAM: The Open Source CFD Toolbox           |
|  \\    /   O peration     | Version:  v2012                                 |
|   \\  /    A nd           | Website:  www.openfoam.com                      |
|    \\/     M anipulation  |                                                 |
\*---------------------------------------------------------------------------*/
FoamFile
{
    version     2.0;
    format      ascii;
    class       surfaceScalarField;
    location    "0.1";
    object      phi;
}
// * * * * * * * * * * * * * * * * * * * * * * * * * * * * * * * * * * * * * //

dimensions      [0 3 -1 0 0 0 0];
oriented        oriented;


internalField   nonuniform List<scalar> 
4660
(
1.99058e-05
-3.06235e-08
1.99006e-05
3.07906e-08
1.98993e-05
8.76058e-09
1.99029e-05
-3.32812e-08
1.98987e-05
2.70149e-08
1.98988e-05
7.29626e-09
1.98994e-05
-1.2509e-08
1.98988e-05
-5.83874e-09
1.98979e-05
6.22283e-09
1.98977e-05
7.75386e-09
1.98971e-05
3.653e-09
1.98961e-05
-1.06598e-09
1.98955e-05
-2.78042e-09
1.98947e-05
-7.71568e-10
1.9893e-05
2.9379e-09
1.98904e-05
5.77122e-09
1.98872e-05
7.63915e-09
1.98834e-05
8.73093e-09
1.98791e-05
9.43906e-09
9.84882e-09
1.98747e-05
2.16535e-05
-2.42966e-08
2.16632e-05
2.10729e-08
2.16598e-05
1.21334e-08
2.16551e-05
-2.86057e-08
2.1661e-05
2.11388e-08
2.16596e-05
8.7444e-09
2.16588e-05
-1.17142e-08
2.16552e-05
-2.29179e-09
2.16558e-05
5.66009e-09
2.16578e-05
5.73888e-09
2.16576e-05
3.88127e-09
2.16554e-05
1.08534e-09
2.1653e-05
-3.77037e-10
2.16508e-05
1.47876e-09
2.16488e-05
4.93174e-09
2.16472e-05
7.36553e-09
2.16466e-05
8.22949e-09
2.16465e-05
8.78615e-09
2.16467e-05
9.32727e-09
9.54824e-09
2.1647e-05
2.3568e-05
-1.78462e-08
2.35774e-05
1.17034e-08
2.35751e-05
1.44907e-08
2.35692e-05
-2.26988e-08
2.35759e-05
1.44149e-08
2.35744e-05
1.02354e-08
2.3573e-05
-1.03507e-08
2.35701e-05
6.7132e-10
2.357e-05
5.73528e-09
2.35721e-05
3.6216e-09
2.35721e-05
3.91666e-09
2.35697e-05
3.48641e-09
2.35669e-05
2.38461e-09
2.3565e-05
3.39429e-09
2.3564e-05
5.90024e-09
2.35636e-05
7.81551e-09
2.35634e-05
8.39159e-09
2.35635e-05
8.72906e-09
2.35635e-05
9.27756e-09
9.65636e-09
2.35634e-05
2.56535e-05
-1.28929e-08
2.56593e-05
5.89706e-09
2.56599e-05
1.39097e-08
2.56535e-05
-1.62758e-08
2.56593e-05
8.58063e-09
2.56582e-05
1.12985e-08
2.56555e-05
-7.63443e-09
2.56558e-05
4.29324e-10
2.56545e-05
7.02892e-09
2.56546e-05
3.51734e-09
2.56548e-05
3.71642e-09
2.56531e-05
5.16786e-09
2.56511e-05
4.37902e-09
2.56499e-05
4.54024e-09
2.56493e-05
6.58689e-09
2.56486e-05
8.42341e-09
2.56481e-05
8.92688e-09
2.5648e-05
8.85517e-09
2.56482e-05
9.08904e-09
9.45044e-09
2.56484e-05
2.79224e-05
-8.71453e-09
2.79266e-05
1.77085e-09
2.79284e-05
1.20809e-08
2.7922e-05
-9.85663e-09
2.79265e-05
4.00475e-09
2.7927e-05
1.08782e-08
2.79233e-05
-3.99733e-09
2.79236e-05
1.59695e-10
2.7923e-05
7.6716e-09
2.79222e-05
4.29462e-09
2.79225e-05
3.36786e-09
2.79215e-05
6.17148e-09
2.79195e-05
6.37024e-09
2.79182e-05
5.85e-09
2.79178e-05
6.98996e-09
2.79177e-05
8.54732e-09
2.79175e-05
9.10092e-09
2.79175e-05
8.86434e-09
2.79178e-05
8.7971e-09
9.11133e-09
2.79181e-05
3.03923e-05
-5.73089e-09
3.03943e-05
-2.17967e-10
3.03968e-05
9.57575e-09
3.03918e-05
-4.87634e-09
3.03942e-05
1.61409e-09
3.03956e-05
9.50204e-09
3.0392e-05
-4.06864e-10
3.03919e-05
2.58592e-10
3.03924e-05
7.19158e-09
3.03909e-05
5.77109e-09
3.03902e-05
4.05842e-09
3.039e-05
6.36355e-09
3.03889e-05
7.50529e-09
3.03878e-05
6.89594e-09
3.03876e-05
7.26115e-09
3.03875e-05
8.57145e-09
3.03874e-05
9.21342e-09
3.03873e-05
8.97753e-09
3.03875e-05
8.6079e-09
8.67676e-09
3.03879e-05
3.308e-05
-3.5532e-09
3.30808e-05
-9.98956e-10
3.30833e-05
7.01759e-09
3.30796e-05
-1.15481e-09
3.30803e-05
8.85344e-10
3.30823e-05
7.58454e-09
3.30795e-05
2.38418e-09
3.30784e-05
1.30321e-09
3.30791e-05
6.48575e-09
3.30781e-05
6.77987e-09
3.30771e-05
5.0384e-09
3.30771e-05
6.40372e-09
3.30766e-05
8.04204e-09
3.30756e-05
7.89819e-09
3.30751e-05
7.74203e-09
3.30753e-05
8.36566e-09
3.30756e-05
8.92186e-09
3.30757e-05
8.85399e-09
3.30758e-05
8.50145e-09
8.38629e-09
3.30761e-05
3.60051e-05
-2.10574e-09
3.60051e-05
-9.7564e-10
3.60071e-05
5.03107e-09
3.60049e-05
1.09192e-09
3.60046e-05
1.16967e-09
3.60061e-05
6.09792e-09
3.60043e-05
4.12472e-09
3.60029e-05
2.6726e-09
3.60035e-05
5.93677e-09
3.60031e-05
7.19494e-09
3.60019e-05
6.20107e-09
3.60016e-05
6.75653e-09
3.60015e-05
8.09664e-09
3.60011e-05
8.30146e-09
3.60008e-05
8.01892e-09
3.6001e-05
8.23561e-09
3.60012e-05
8.70778e-09
3.60013e-05
8.75365e-09
3.60014e-05
8.41879e-09
8.08001e-09
3.60017e-05
3.91886e-05
-1.1653e-09
3.91881e-05
-5.52914e-10
3.91896e-05
3.61735e-09
3.91883e-05
2.34045e-09
3.91875e-05
1.96424e-09
3.91885e-05
5.12977e-09
3.91876e-05
4.9719e-09
3.91863e-05
3.99481e-09
3.91864e-05
5.85334e-09
3.91863e-05
7.3024e-09
3.91855e-05
6.99364e-09
3.91851e-05
7.10534e-09
3.91853e-05
7.98786e-09
3.91852e-05
8.39668e-09
3.91849e-05
8.29889e-09
3.91849e-05
8.26542e-09
3.91852e-05
8.38077e-09
3.91856e-05
8.34892e-09
3.91859e-05
8.09994e-09
7.78614e-09
3.91862e-05
4.26532e-05
-5.71048e-10
4.26527e-05
-3.14755e-11
4.26535e-05
2.80937e-09
4.26529e-05
2.95584e-09
4.26521e-05
2.75888e-09
4.26525e-05
4.68723e-09
4.26521e-05
5.34532e-09
4.26511e-05
5.02021e-09
4.2651e-05
6.02536e-09
4.2651e-05
7.21643e-09
4.26506e-05
7.38323e-09
4.26503e-05
7.45487e-09
4.26503e-05
7.95396e-09
4.26504e-05
8.30429e-09
4.26505e-05
8.25649e-09
4.26506e-05
8.10022e-09
4.2651e-05
8.04794e-09
4.26513e-05
7.99633e-09
4.26516e-05
7.80535e-09
7.50082e-09
4.26519e-05
4.64239e-05
-1.96201e-10
4.64235e-05
4.54826e-10
4.64238e-05
2.44583e-09
4.64236e-05
3.21466e-09
4.64229e-05
3.38793e-09
4.6423e-05
4.60966e-09
4.64229e-05
5.47655e-09
4.64223e-05
5.6361e-09
4.6422e-05
6.25545e-09
4.64221e-05
7.13285e-09
4.6422e-05
7.51776e-09
4.64218e-05
7.61998e-09
4.64219e-05
7.83347e-09
4.64222e-05
8.04233e-09
4.64224e-05
8.04416e-09
4.64226e-05
7.9128e-09
4.64229e-05
7.77031e-09
4.64233e-05
7.60499e-09
4.64237e-05
7.36233e-09
7.06227e-09
4.64242e-05
5.05279e-05
4.22613e-11
5.05275e-05
8.47745e-10
5.05276e-05
2.34326e-09
5.05275e-05
3.32146e-09
5.05271e-05
3.7979e-09
5.05271e-05
4.67152e-09
5.0527e-05
5.49886e-09
5.05267e-05
5.92397e-09
5.05266e-05
6.41452e-09
5.05267e-05
7.03557e-09
5.05268e-05
7.41917e-09
5.05269e-05
7.54158e-09
5.0527e-05
7.65498e-09
5.05273e-05
7.75276e-09
5.05276e-05
7.72957e-09
5.0528e-05
7.57921e-09
5.05284e-05
7.37221e-09
5.05288e-05
7.14716e-09
5.05293e-05
6.89462e-09
6.61593e-09
5.05297e-05
5.49946e-05
1.98921e-10
5.49943e-05
1.12761e-09
5.49943e-05
2.36036e-09
5.49943e-05
3.35616e-09
5.49941e-05
4.00155e-09
5.4994e-05
4.72463e-09
5.49941e-05
5.45089e-09
5.4994e-05
5.96601e-09
5.4994e-05
6.40857e-09
5.49942e-05
6.85732e-09
5.49945e-05
7.16525e-09
5.49947e-05
7.30505e-09
5.4995e-05
7.36531e-09
5.49954e-05
7.36981e-09
5.49958e-05
7.29258e-09
5.49963e-05
7.12997e-09
5.49967e-05
6.91327e-09
5.49972e-05
6.66774e-09
5.49977e-05
6.39687e-09
6.11072e-09
5.49982e-05
5.98561e-05
2.9949e-10
5.98559e-05
1.30216e-09
5.98559e-05
2.39204e-09
5.98559e-05
3.33157e-09
5.98559e-05
4.03321e-09
5.98559e-05
4.68283e-09
5.98561e-05
5.30944e-09
5.98562e-05
5.81553e-09
5.98564e-05
6.22025e-09
5.98567e-05
6.55869e-09
5.98571e-05
6.79285e-09
5.98575e-05
6.91239e-09
5.98579e-05
6.93404e-09
5.98584e-05
6.88583e-09
5.98589e-05
6.77312e-09
5.98595e-05
6.59774e-09
5.986e-05
6.37333e-09
5.98605e-05
6.11757e-09
5.98611e-05
5.84217e-09
5.56298e-09
5.98616e-05
6.51474e-05
3.57914e-10
6.51473e-05
1.37962e-09
6.51473e-05
2.37257e-09
6.51474e-05
3.23037e-09
6.51475e-05
3.91315e-09
6.51477e-05
4.50397e-09
6.5148e-05
5.04383e-09
6.51483e-05
5.49862e-09
6.51486e-05
5.85545e-09
6.51491e-05
6.11616e-09
6.51496e-05
6.29565e-09
6.51501e-05
6.37884e-09
6.51507e-05
6.37256e-09
6.51513e-05
6.29536e-09
6.51519e-05
6.15999e-09
6.51525e-05
5.97522e-09
6.51531e-05
5.75235e-09
6.51537e-05
5.50396e-09
6.51543e-05
5.23999e-09
4.97536e-09
6.51549e-05
7.09063e-05
3.79887e-10
7.09063e-05
1.36523e-09
7.09064e-05
2.26466e-09
7.09066e-05
3.02729e-09
7.09069e-05
3.64745e-09
7.09072e-05
4.17115e-09
7.09077e-05
4.63109e-09
7.09081e-05
5.01902e-09
7.09087e-05
5.31993e-09
7.09093e-05
5.52854e-09
7.09099e-05
5.66147e-09
7.09106e-05
5.71089e-09
7.09112e-05
5.68309e-09
7.0912e-05
5.5915e-09
7.09127e-05
5.44943e-09
7.09134e-05
5.26779e-09
7.09141e-05
5.05652e-09
7.09147e-05
4.82486e-09
7.09154e-05
4.58079e-09
4.3379e-09
7.0916e-05
7.71744e-05
3.66956e-10
7.71745e-05
1.261e-09
7.71747e-05
2.04765e-09
7.7175e-05
2.70087e-09
7.71754e-05
3.23315e-09
7.71759e-05
3.67787e-09
7.71765e-05
4.05872e-09
7.71771e-05
4.37544e-09
7.71778e-05
4.62029e-09
7.71786e-05
4.78933e-09
7.71793e-05
4.88392e-09
7.71801e-05
4.90731e-09
7.7181e-05
4.86685e-09
7.71818e-05
4.77308e-09
7.71826e-05
4.63738e-09
7.71834e-05
4.47012e-09
7.71842e-05
4.28065e-09
7.71849e-05
4.07723e-09
7.71856e-05
3.86663e-09
3.652e-09
7.71863e-05
8.39965e-05
3.21236e-10
8.39967e-05
1.06619e-09
8.3997e-05
1.7108e-09
8.39975e-05
2.23761e-09
8.3998e-05
2.66572e-09
8.39987e-05
3.02208e-09
8.39994e-05
3.32351e-09
8.40002e-05
3.57155e-09
8.40011e-05
3.76161e-09
8.4002e-05
3.88989e-09
8.40029e-05
3.95654e-09
8.40039e-05
3.96528e-09
8.40048e-05
3.92309e-09
8.40057e-05
3.83875e-09
8.40067e-05
3.72145e-09
8.40075e-05
3.57967e-09
8.40084e-05
3.42076e-09
8.40092e-05
3.2509e-09
8.401e-05
3.07519e-09
2.90209e-09
8.40108e-05
9.14217e-05
2.50823e-10
9.14219e-05
7.93826e-10
9.14224e-05
1.25845e-09
9.1423e-05
1.64136e-09
9.14237e-05
1.95619e-09
9.14245e-05
2.2185e-09
9.14254e-05
2.43763e-09
9.14263e-05
2.6153e-09
9.14273e-05
2.74959e-09
9.14284e-05
2.83836e-09
9.14295e-05
2.88198e-09
9.14306e-05
2.88359e-09
9.14316e-05
2.84876e-09
9.14327e-05
2.78416e-09
9.14337e-05
2.6966e-09
9.14347e-05
2.59223e-09
9.14356e-05
2.47632e-09
9.14365e-05
2.35319e-09
9.14374e-05
2.22634e-09
2.09525e-09
9.14382e-05
9.95032e-05
9.95036e-05
9.95042e-05
9.9505e-05
9.95059e-05
9.95069e-05
9.95079e-05
9.95091e-05
9.95103e-05
9.95115e-05
9.95127e-05
9.9514e-05
9.95152e-05
9.95164e-05
9.95175e-05
9.95186e-05
9.95196e-05
9.95206e-05
9.95216e-05
9.95225e-05
1.98631e-05
1.15097e-08
1.98493e-05
1.38416e-08
1.98329e-05
1.64144e-08
1.98139e-05
1.90193e-08
1.97928e-05
2.10465e-08
1.97708e-05
2.20713e-08
1.97486e-05
2.21664e-08
1.97265e-05
2.20976e-08
1.97045e-05
2.19877e-08
1.96829e-05
2.16338e-08
1.96611e-05
2.17815e-08
1.96383e-05
2.27458e-08
1.96145e-05
2.38091e-08
1.95901e-05
2.44216e-08
1.95653e-05
2.484e-08
1.95401e-05
2.51219e-08
1.9515e-05
2.51535e-08
1.94896e-05
2.53618e-08
1.94635e-05
2.60951e-08
1.94366e-05
2.69435e-08
1.94093e-05
2.72831e-08
1.93821e-05
2.7214e-08
1.93546e-05
2.74777e-08
1.93262e-05
2.83994e-08
1.92968e-05
2.93851e-08
1.92672e-05
2.96306e-08
1.92381e-05
2.91393e-08
1.92092e-05
2.88291e-08
1.91796e-05
2.96252e-08
1.91481e-05
3.14971e-08
1.91148e-05
3.3341e-08
1.90811e-05
3.3723e-08
1.90493e-05
3.17845e-08
1.90216e-05
2.76478e-08
1.89994e-05
2.219e-08
1.89829e-05
1.65108e-08
1.89714e-05
1.14774e-08
1.89639e-05
7.53134e-09
1.89592e-05
4.73059e-09
1.89563e-05
2.89931e-09
1.89545e-05
1.77888e-09
1.89534e-05
1.12626e-09
1.89526e-05
7.563e-10
1.89521e-05
5.46023e-10
1.89516e-05
4.21747e-10
1.89513e-05
3.42704e-10
1.8951e-05
2.87724e-10
1.89508e-05
2.46248e-10
1.89506e-05
2.13059e-10
1.89504e-05
1.85501e-10
1.89502e-05
1.62121e-10
1.89501e-05
1.4203e-10
1.89499e-05
1.24627e-10
1.89498e-05
1.09468e-10
1.89497e-05
9.62105e-11
1.89497e-05
8.45788e-11
1.89496e-05
7.43497e-11
1.89495e-05
6.53371e-11
1.89495e-05
5.73848e-11
1.89494e-05
5.03627e-11
1.89494e-05
4.41565e-11
1.89493e-05
3.86717e-11
1.89493e-05
3.38242e-11
1.89493e-05
2.95417e-11
1.89492e-05
2.57616e-11
1.89492e-05
2.2426e-11
1.89492e-05
1.94874e-11
1.89492e-05
1.69003e-11
1.89492e-05
1.46274e-11
1.89491e-05
1.26336e-11
1.89491e-05
1.08861e-11
1.89491e-05
9.36121e-12
1.89491e-05
8.02735e-12
1.89491e-05
6.87145e-12
1.89491e-05
5.86192e-12
1.89491e-05
4.99745e-12
1.89491e-05
4.2308e-12
1.89491e-05
3.61664e-12
1.89491e-05
2.99127e-12
1.89491e-05
2.65576e-12
1.89491e-05
1.98336e-12
1.89491e-05
2.14663e-12
1.89491e-05
9.38394e-13
1.89491e-05
2.3229e-12
1.89491e-05
-6.12231e-13
1.89491e-05
3.63315e-12
1.89491e-05
-3.14549e-12
1.89491e-05
6.05825e-12
1.89491e-05
-5.61157e-12
1.89491e-05
6.68503e-12
1.89491e-05
-2.70005e-12
1.89491e-05
-1.39324e-12
1.89491e-05
1.13692e-11
1.89491e-05
-1.61536e-11
1.89491e-05
2.26966e-11
1.89491e-05
-8.71677e-12
1.89491e-05
7.70484e-12
1.8949e-05
2.81227e-11
1.8949e-05
8.33201e-13
9.90123e-11
2.16477e-05
1.07618e-08
2.16491e-05
1.24789e-08
2.1651e-05
1.44981e-08
2.1653e-05
1.69605e-08
2.16548e-05
1.92747e-08
2.16562e-05
2.06503e-08
2.16571e-05
2.13139e-08
2.16576e-05
2.16291e-08
2.16581e-05
2.13979e-08
2.16589e-05
2.08837e-08
2.16597e-05
2.09616e-08
2.16605e-05
2.19159e-08
2.16613e-05
2.3096e-08
2.16617e-05
2.39398e-08
2.16621e-05
2.44866e-08
2.16624e-05
2.47691e-08
2.16628e-05
2.47956e-08
2.16632e-05
2.49808e-08
2.16636e-05
2.56837e-08
2.1664e-05
2.65879e-08
2.16642e-05
2.70526e-08
2.16643e-05
2.70951e-08
2.16644e-05
2.73644e-08
2.16647e-05
2.81626e-08
2.1665e-05
2.9006e-08
2.16654e-05
2.92764e-08
2.16655e-05
2.90228e-08
2.16654e-05
2.89441e-08
2.16654e-05
2.96579e-08
2.16658e-05
3.10315e-08
2.1667e-05
3.21585e-08
2.16688e-05
3.19422e-08
2.16708e-05
2.97768e-08
2.16726e-05
2.58374e-08
2.16739e-05
2.08837e-08
2.16746e-05
1.58268e-08
2.16747e-05
1.1368e-08
2.16744e-05
7.85406e-09
2.16738e-05
5.31878e-09
2.16731e-05
3.60943e-09
2.16723e-05
2.50945e-09
2.16717e-05
1.81729e-09
2.1671e-05
1.37938e-09
2.16705e-05
1.09297e-09
2.167e-05
8.95379e-10
2.16696e-05
7.50684e-10
2.16693e-05
6.3901e-10
2.1669e-05
5.49359e-10
2.16687e-05
4.75415e-10
2.16685e-05
4.13321e-10
2.16683e-05
3.6053e-10
2.16681e-05
3.15248e-10
2.16679e-05
2.76142e-10
2.16678e-05
2.42186e-10
2.16677e-05
2.12575e-10
2.16676e-05
1.86661e-10
2.16675e-05
1.63922e-10
2.16674e-05
1.43923e-10
2.16674e-05
1.26308e-10
2.16673e-05
1.10774e-10
2.16672e-05
9.70628e-11
2.16672e-05
8.49581e-11
2.16672e-05
7.42703e-11
2.16671e-05
6.48364e-11
2.16671e-05
5.6516e-11
2.16671e-05
4.91782e-11
2.1667e-05
4.27183e-11
2.1667e-05
3.70349e-11
2.1667e-05
3.20418e-11
2.1667e-05
2.76678e-11
2.1667e-05
2.38326e-11
2.1667e-05
2.04877e-11
2.16669e-05
1.75663e-11
2.16669e-05
1.50282e-11
2.16669e-05
1.28232e-11
2.16669e-05
1.09181e-11
2.16669e-05
9.2622e-12
2.16669e-05
7.8696e-12
2.16669e-05
6.59983e-12
2.16669e-05
5.66804e-12
2.16669e-05
4.58037e-12
2.16669e-05
4.21265e-12
2.16669e-05
2.89349e-12
2.16669e-05
3.59103e-12
2.16669e-05
1.10066e-12
2.16669e-05
4.05253e-12
2.16669e-05
-1.16596e-12
2.16669e-05
5.45026e-12
2.16669e-05
-2.9663e-12
2.16669e-05
5.33887e-12
2.16669e-05
-4.62076e-14
2.16669e-05
-1.55131e-12
2.16669e-05
1.18162e-11
2.16669e-05
-1.22054e-11
2.16669e-05
2.01902e-11
2.16669e-05
-9.25757e-13
2.16669e-05
6.28123e-12
2.16669e-05
3.90677e-11
2.16669e-05
7.10012e-12
9.7633e-11
2.35635e-05
1.0664e-08
2.3564e-05
1.20208e-08
2.3565e-05
1.34372e-08
2.35668e-05
1.5225e-08
2.35686e-05
1.74367e-08
2.35704e-05
1.87997e-08
2.35723e-05
1.94988e-08
2.35735e-05
2.03872e-08
2.35742e-05
2.07159e-08
2.35747e-05
2.0319e-08
2.35755e-05
2.02388e-08
2.35766e-05
2.08245e-08
2.35779e-05
2.17354e-08
2.35792e-05
2.27132e-08
2.35801e-05
2.34973e-08
2.3581e-05
2.39337e-08
2.35817e-05
2.40711e-08
2.35825e-05
2.41383e-08
2.35837e-05
2.45549e-08
2.35849e-05
2.53979e-08
2.35858e-05
2.60706e-08
2.35867e-05
2.62671e-08
2.35876e-05
2.64523e-08
2.35887e-05
2.70155e-08
2.35901e-05
2.76536e-08
2.35914e-05
2.79237e-08
2.35926e-05
2.78921e-08
2.35935e-05
2.7997e-08
2.35947e-05
2.85162e-08
2.35964e-05
2.92589e-08
2.35989e-05
2.9643e-08
2.36019e-05
2.90271e-08
2.36046e-05
2.70685e-08
2.36065e-05
2.38871e-08
2.36074e-05
1.9965e-08
2.36074e-05
1.58985e-08
2.36066e-05
1.21775e-08
2.36053e-05
9.08065e-09
2.3604e-05
6.68383e-09
2.36026e-05
4.92525e-09
2.36015e-05
3.67945e-09
2.36005e-05
2.81153e-09
2.35997e-05
2.20609e-09
2.3599e-05
1.77643e-09
2.35984e-05
1.46269e-09
2.35979e-05
1.22576e-09
2.35975e-05
1.04085e-09
2.35972e-05
8.92391e-10
2.35969e-05
7.70477e-10
2.35966e-05
6.68618e-10
2.35964e-05
5.82398e-10
2.35962e-05
5.08692e-10
2.3596e-05
4.45198e-10
2.35959e-05
3.90173e-10
2.35958e-05
3.42259e-10
2.35957e-05
3.00379e-10
2.35956e-05
2.63666e-10
2.35955e-05
2.31406e-10
2.35954e-05
2.03011e-10
2.35953e-05
1.77986e-10
2.35953e-05
1.55912e-10
2.35952e-05
1.36432e-10
2.35952e-05
1.1924e-10
2.35951e-05
1.04072e-10
2.35951e-05
9.06983e-11
2.35951e-05
7.89074e-11
2.3595e-05
6.85302e-11
2.3595e-05
5.94043e-11
2.3595e-05
5.13854e-11
2.3595e-05
4.43661e-11
2.3595e-05
3.82104e-11
2.3595e-05
3.28416e-11
2.35949e-05
2.8158e-11
2.35949e-05
2.40826e-11
2.35949e-05
2.055e-11
2.35949e-05
1.74902e-11
2.35949e-05
1.4844e-11
2.35949e-05
1.25905e-11
2.35949e-05
1.05996e-11
2.35949e-05
9.01568e-12
2.35949e-05
7.4464e-12
2.35949e-05
6.52893e-12
2.35949e-05
5.01515e-12
2.35949e-05
5.05952e-12
2.35949e-05
2.90059e-12
2.35949e-05
4.63697e-12
2.35949e-05
8.68355e-13
2.35949e-05
4.96039e-12
2.35949e-05
-2.67785e-13
2.35949e-05
4.07131e-12
2.35949e-05
2.6198e-12
2.35949e-05
-1.42869e-12
2.35949e-05
1.17611e-11
2.35949e-05
-7.2476e-12
2.35949e-05
1.63457e-11
2.35949e-05
7.87296e-12
2.35949e-05
4.87704e-12
2.35949e-05
4.59811e-11
2.35949e-05
1.46372e-11
9.24202e-11
2.56487e-05
1.03224e-08
2.56493e-05
1.13955e-08
2.56502e-05
1.25754e-08
2.56516e-05
1.38519e-08
2.56532e-05
1.58008e-08
2.56547e-05
1.73039e-08
2.56564e-05
1.78622e-08
2.56579e-05
1.88166e-08
2.56589e-05
1.97282e-08
2.56596e-05
1.9664e-08
2.56603e-05
1.95356e-08
2.56612e-05
1.99143e-08
2.56624e-05
2.05193e-08
2.56637e-05
2.13877e-08
2.56649e-05
2.22999e-08
2.56659e-05
2.2939e-08
2.56667e-05
2.33129e-08
2.56674e-05
2.33573e-08
2.56686e-05
2.34209e-08
2.56699e-05
2.40814e-08
2.5671e-05
2.49744e-08
2.56719e-05
2.53691e-08
2.56729e-05
2.54205e-08
2.56742e-05
2.57473e-08
2.56755e-05
2.63083e-08
2.56768e-05
2.66485e-08
2.5678e-05
2.66901e-08
2.56793e-05
2.67335e-08
2.56808e-05
2.69769e-08
2.56828e-05
2.72924e-08
2.56851e-05
2.73151e-08
2.56875e-05
2.66368e-08
2.56896e-05
2.50076e-08
2.5691e-05
2.24619e-08
2.56917e-05
1.92952e-08
2.56916e-05
1.59227e-08
2.56911e-05
1.27223e-08
2.56902e-05
9.94243e-09
2.56892e-05
7.68533e-09
2.56882e-05
5.94051e-09
2.56873e-05
4.63383e-09
2.56864e-05
3.66993e-09
2.56856e-05
2.95888e-09
2.5685e-05
2.42794e-09
2.56844e-05
2.02346e-09
2.5684e-05
1.70806e-09
2.56835e-05
1.45641e-09
2.56832e-05
1.25152e-09
2.56829e-05
1.08185e-09
2.56826e-05
9.39422e-10
2.56824e-05
8.1855e-10
2.56822e-05
7.15076e-10
2.5682e-05
6.25874e-10
2.56818e-05
5.48537e-10
2.56817e-05
4.81182e-10
2.56816e-05
4.22302e-10
2.56814e-05
3.70683e-10
2.56814e-05
3.25322e-10
2.56813e-05
2.85397e-10
2.56812e-05
2.50208e-10
2.56811e-05
2.1917e-10
2.56811e-05
1.91781e-10
2.5681e-05
1.67609e-10
2.5681e-05
1.46283e-10
2.5681e-05
1.27479e-10
2.56809e-05
1.10903e-10
2.56809e-05
9.63131e-11
2.56809e-05
8.34855e-11
2.56808e-05
7.22118e-11
2.56808e-05
6.23449e-11
2.56808e-05
5.36937e-11
2.56808e-05
4.61448e-11
2.56808e-05
3.95649e-11
2.56808e-05
3.38347e-11
2.56808e-05
2.88714e-11
2.56808e-05
2.45699e-11
2.56808e-05
2.08552e-11
2.56808e-05
1.76766e-11
2.56807e-05
1.49059e-11
2.56807e-05
1.26259e-11
2.56807e-05
1.05245e-11
2.56807e-05
9.04191e-12
2.56807e-05
7.2647e-12
2.56807e-05
6.70797e-12
2.56807e-05
4.71545e-12
2.56807e-05
5.4985e-12
2.56807e-05
2.67282e-12
2.56807e-05
5.03221e-12
2.56807e-05
1.78794e-12
2.56807e-05
3.7505e-12
2.56807e-05
4.37129e-12
2.56807e-05
-4.0666e-13
2.56807e-05
1.13644e-11
2.56807e-05
-2.57865e-12
2.56807e-05
1.38174e-11
2.56807e-05
1.44385e-11
2.56807e-05
5.80588e-12
2.56807e-05
4.96801e-11
2.56807e-05
2.16654e-11
8.75658e-11
2.79184e-05
1.00761e-08
2.79188e-05
1.0959e-08
2.79194e-05
1.19666e-08
2.79204e-05
1.28865e-08
2.79219e-05
1.43204e-08
2.79233e-05
1.58919e-08
2.79246e-05
1.65644e-08
2.79261e-05
1.7284e-08
2.79274e-05
1.84052e-08
2.79283e-05
1.87969e-08
2.79291e-05
1.87496e-08
2.79299e-05
1.90653e-08
2.79309e-05
1.95368e-08
2.79322e-05
2.01647e-08
2.79335e-05
2.09932e-08
2.79347e-05
2.17333e-08
2.79357e-05
2.22872e-08
2.79365e-05
2.25005e-08
2.79375e-05
2.24619e-08
2.79388e-05
2.27954e-08
2.79401e-05
2.36549e-08
2.79412e-05
2.4277e-08
2.79423e-05
2.43689e-08
2.79435e-05
2.44886e-08
2.79449e-05
2.48908e-08
2.79463e-05
2.52419e-08
2.79477e-05
2.53476e-08
2.7949e-05
2.53823e-08
2.79505e-05
2.54815e-08
2.79523e-05
2.55254e-08
2.79543e-05
2.5262e-08
2.79565e-05
2.44609e-08
2.79585e-05
2.29984e-08
2.79601e-05
2.09067e-08
2.7961e-05
1.83685e-08
2.79613e-05
1.56471e-08
2.7961e-05
1.29964e-08
2.79604e-05
1.06008e-08
2.79595e-05
8.55689e-09
2.79585e-05
6.88601e-09
2.79576e-05
5.55935e-09
2.79568e-05
4.52346e-09
2.7956e-05
3.71918e-09
2.79553e-05
3.09258e-09
2.79548e-05
2.59954e-09
2.79543e-05
2.20619e-09
2.79538e-05
1.88758e-09
2.79535e-05
1.62566e-09
2.79531e-05
1.40745e-09
2.79528e-05
1.22354e-09
2.79526e-05
1.06703e-09
2.79524e-05
9.32787e-10
2.79522e-05
8.16877e-10
2.7952e-05
7.1626e-10
2.79519e-05
6.28543e-10
2.79517e-05
5.51799e-10
2.79516e-05
4.84474e-10
2.79515e-05
4.25278e-10
2.79514e-05
3.7315e-10
2.79514e-05
3.2719e-10
2.79513e-05
2.86636e-10
2.79512e-05
2.50843e-10
2.79512e-05
2.19245e-10
2.79511e-05
1.91361e-10
2.79511e-05
1.66773e-10
2.79511e-05
1.45094e-10
2.7951e-05
1.26009e-10
2.7951e-05
1.09231e-10
2.7951e-05
9.44823e-11
2.7951e-05
8.15708e-11
2.7951e-05
7.02555e-11
2.79509e-05
6.0375e-11
2.79509e-05
5.17675e-11
2.79509e-05
4.42694e-11
2.79509e-05
3.77741e-11
2.79509e-05
3.2146e-11
2.79509e-05
2.72871e-11
2.79509e-05
2.31199e-11
2.79509e-05
1.95127e-11
2.79509e-05
1.64928e-11
2.79509e-05
1.38115e-11
2.79509e-05
1.17442e-11
2.79509e-05
9.64783e-12
2.79509e-05
8.51493e-12
2.79509e-05
6.58484e-12
2.79509e-05
6.5363e-12
2.79509e-05
4.41852e-12
2.79509e-05
5.3702e-12
2.79509e-05
3.62017e-12
2.79509e-05
3.88315e-12
2.79509e-05
5.70225e-12
2.79509e-05
1.12471e-12
2.79509e-05
1.074e-11
2.79509e-05
1.96908e-12
2.79509e-05
1.20731e-11
2.79509e-05
1.9389e-11
2.79509e-05
8.39843e-12
2.79509e-05
5.06851e-11
2.79508e-05
2.8181e-11
8.2981e-11
3.03883e-05
9.66409e-09
3.03888e-05
1.04823e-08
3.03894e-05
1.13538e-08
3.03902e-05
1.21548e-08
3.03913e-05
1.31561e-08
3.03926e-05
1.46098e-08
3.03937e-05
1.55111e-08
3.0395e-05
1.59494e-08
3.03965e-05
1.69153e-08
3.03976e-05
1.76868e-08
3.03985e-05
1.78446e-08
3.03994e-05
1.81303e-08
3.04004e-05
1.85635e-08
3.04015e-05
1.90391e-08
3.04028e-05
1.97297e-08
3.04041e-05
2.04558e-08
3.04053e-05
2.10396e-08
3.04064e-05
2.14216e-08
3.04073e-05
2.15206e-08
3.04085e-05
2.16431e-08
3.04099e-05
2.2245e-08
3.04112e-05
2.29437e-08
3.04124e-05
2.32023e-08
3.04136e-05
2.32468e-08
3.0415e-05
2.34893e-08
3.04165e-05
2.38051e-08
3.04179e-05
2.39249e-08
3.04194e-05
2.38861e-08
3.04211e-05
2.38207e-08
3.04229e-05
2.36846e-08
3.04249e-05
2.33106e-08
3.04268e-05
2.25476e-08
3.04285e-05
2.13153e-08
3.04297e-05
1.96225e-08
3.04305e-05
1.75742e-08
3.04308e-05
1.53421e-08
3.04307e-05
1.3109e-08
3.04303e-05
1.10226e-08
3.04297e-05
9.1748e-09
3.0429e-05
7.60266e-09
3.04282e-05
6.30221e-09
3.04275e-05
5.24492e-09
3.04268e-05
4.3921e-09
3.04262e-05
3.7045e-09
3.04257e-05
3.14732e-09
3.04252e-05
2.69207e-09
3.04248e-05
2.31638e-09
3.04244e-05
2.00317e-09
3.0424e-05
1.73951e-09
3.04238e-05
1.51561e-09
3.04235e-05
1.32401e-09
3.04233e-05
1.15898e-09
3.04231e-05
1.01604e-09
3.04229e-05
8.91653e-10
3.04227e-05
7.83008e-10
3.04226e-05
6.87805e-10
3.04225e-05
6.04181e-10
3.04224e-05
5.30578e-10
3.04223e-05
4.65704e-10
3.04222e-05
4.08467e-10
3.04221e-05
3.57928e-10
3.04221e-05
3.13299e-10
3.0422e-05
2.73886e-10
3.0422e-05
2.39088e-10
3.04219e-05
2.08394e-10
3.04219e-05
1.81326e-10
3.04219e-05
1.57488e-10
3.04218e-05
1.3653e-10
3.04218e-05
1.18105e-10
3.04218e-05
1.01967e-10
3.04218e-05
8.78304e-11
3.04218e-05
7.5478e-11
3.04217e-05
6.4719e-11
3.04217e-05
5.53477e-11
3.04217e-05
4.72253e-11
3.04217e-05
4.01903e-11
3.04217e-05
3.41166e-11
3.04217e-05
2.89007e-11
3.04217e-05
2.44031e-11
3.04217e-05
2.06028e-11
3.04217e-05
1.72952e-11
3.04217e-05
1.46269e-11
3.04217e-05
1.21541e-11
3.04217e-05
1.04785e-11
3.04217e-05
8.48963e-12
3.04217e-05
7.77195e-12
3.04217e-05
6.05558e-12
3.04217e-05
6.04561e-12
3.04217e-05
5.14682e-12
3.04217e-05
4.48343e-12
3.04217e-05
6.70391e-12
3.04217e-05
2.88439e-12
3.04217e-05
1.03481e-11
3.04217e-05
5.81551e-12
3.04217e-05
1.14047e-11
3.04217e-05
2.28769e-11
3.04217e-05
1.17256e-11
3.04217e-05
5.02664e-11
3.04217e-05
3.35742e-11
7.87885e-11
3.30765e-05
9.26339e-09
3.30769e-05
1.00456e-08
3.30775e-05
1.07696e-08
3.30782e-05
1.14875e-08
3.30791e-05
1.22382e-08
3.30803e-05
1.33937e-08
3.30815e-05
1.43805e-08
3.30826e-05
1.48226e-08
3.30839e-05
1.55438e-08
3.30852e-05
1.64297e-08
3.30862e-05
1.68143e-08
3.30873e-05
1.7096e-08
3.30883e-05
1.75374e-08
3.30894e-05
1.79713e-08
3.30906e-05
1.85165e-08
3.30919e-05
1.91565e-08
3.30932e-05
1.9692e-08
3.30945e-05
2.01578e-08
3.30956e-05
2.0456e-08
3.30966e-05
2.05596e-08
3.3098e-05
2.08944e-08
3.30994e-05
2.15031e-08
3.31007e-05
2.18896e-08
3.3102e-05
2.19534e-08
3.31035e-05
2.20496e-08
3.3105e-05
2.22748e-08
3.31065e-05
2.24124e-08
3.3108e-05
2.23802e-08
3.31096e-05
2.22518e-08
3.31113e-05
2.20226e-08
3.3113e-05
2.15839e-08
3.31147e-05
2.08381e-08
3.31163e-05
1.97487e-08
3.31175e-05
1.8334e-08
3.31185e-05
1.66625e-08
3.3119e-05
1.48422e-08
3.31191e-05
1.29932e-08
3.31189e-05
1.12198e-08
3.31185e-05
9.59518e-09
3.31179e-05
8.15906e-09
3.31173e-05
6.92263e-09
3.31166e-05
5.87719e-09
3.3116e-05
5.00266e-09
3.31155e-05
4.27454e-09
3.31149e-05
3.66835e-09
3.31145e-05
3.16202e-09
3.31141e-05
2.73684e-09
3.31137e-05
2.37755e-09
3.31133e-05
2.07192e-09
3.31131e-05
1.81027e-09
3.31128e-05
1.58495e-09
3.31126e-05
1.38989e-09
3.31124e-05
1.22027e-09
3.31122e-05
1.0722e-09
3.3112e-05
9.42513e-10
3.31119e-05
8.28627e-10
3.31118e-05
7.28407e-10
3.31116e-05
6.40065e-10
3.31115e-05
5.62097e-10
3.31115e-05
4.93233e-10
3.31114e-05
4.32372e-10
3.31113e-05
3.78585e-10
3.31113e-05
3.31054e-10
3.31112e-05
2.89062e-10
3.31112e-05
2.52003e-10
3.31111e-05
2.19312e-10
3.31111e-05
1.90507e-10
3.31111e-05
1.65177e-10
3.3111e-05
1.42905e-10
3.3111e-05
1.23384e-10
3.3111e-05
1.0629e-10
3.3111e-05
9.13463e-11
3.3111e-05
7.83277e-11
3.3111e-05
6.69916e-11
3.3111e-05
5.71597e-11
3.31109e-05
4.86468e-11
3.31109e-05
4.12967e-11
3.31109e-05
3.49792e-11
3.31109e-05
2.95438e-11
3.31109e-05
2.49272e-11
3.31109e-05
2.09531e-11
3.31109e-05
1.76678e-11
3.31109e-05
1.47711e-11
3.31109e-05
1.25755e-11
3.31109e-05
1.04357e-11
3.31109e-05
9.16106e-12
3.31109e-05
7.63538e-12
3.31109e-05
6.95235e-12
3.31109e-05
6.48929e-12
3.31109e-05
5.39197e-12
3.31109e-05
7.51092e-12
3.31109e-05
4.74622e-12
3.31109e-05
1.01912e-11
3.31109e-05
8.99742e-12
3.31109e-05
1.1659e-11
3.31109e-05
2.50338e-11
3.31109e-05
1.53518e-11
3.31109e-05
4.90785e-11
3.31109e-05
3.76146e-11
7.49834e-11
3.60022e-05
8.71739e-09
3.60028e-05
9.47872e-09
3.60034e-05
1.0187e-08
3.6004e-05
1.08655e-08
3.60047e-05
1.14779e-08
3.60058e-05
1.23073e-08
3.6007e-05
1.32445e-08
3.6008e-05
1.38143e-08
3.60092e-05
1.43533e-08
3.60105e-05
1.51167e-08
3.60116e-05
1.56633e-08
3.60127e-05
1.60068e-08
3.60138e-05
1.64379e-08
3.60149e-05
1.68723e-08
3.60161e-05
1.73262e-08
3.60174e-05
1.78702e-08
3.60187e-05
1.83683e-08
3.602e-05
1.88321e-08
3.60213e-05
1.92166e-08
3.60224e-05
1.93937e-08
3.60238e-05
1.95853e-08
3.60252e-05
2.00246e-08
3.60267e-05
2.04542e-08
3.6028e-05
2.06146e-08
3.60294e-05
2.06683e-08
3.60309e-05
2.07927e-08
3.60324e-05
2.08857e-08
3.6034e-05
2.08242e-08
3.60356e-05
2.06297e-08
3.60373e-05
2.03314e-08
3.6039e-05
1.98794e-08
3.60406e-05
1.9208e-08
3.60421e-05
1.82899e-08
3.60433e-05
1.71349e-08
3.60441e-05
1.57826e-08
3.60447e-05
1.42989e-08
3.60449e-05
1.27645e-08
3.60449e-05
1.12561e-08
3.60446e-05
9.83384e-09
3.60443e-05
8.53679e-09
3.60438e-05
7.38371e-09
3.60433e-05
6.37742e-09
3.60428e-05
5.50996e-09
3.60423e-05
4.76751e-09
3.60418e-05
4.13402e-09
3.60414e-05
3.59353e-09
3.6041e-05
3.13149e-09
3.60406e-05
2.73523e-09
3.60403e-05
2.39406e-09
3.604e-05
2.09912e-09
3.60398e-05
1.84313e-09
3.60395e-05
1.62011e-09
3.60393e-05
1.42517e-09
3.60392e-05
1.25426e-09
3.6039e-05
1.10406e-09
3.60389e-05
9.7177e-10
3.60387e-05
8.5507e-10
3.60386e-05
7.51993e-10
3.60385e-05
6.6086e-10
3.60384e-05
5.80251e-10
3.60384e-05
5.08922e-10
3.60383e-05
4.45811e-10
3.60382e-05
3.89994e-10
3.60382e-05
3.40641e-10
3.60381e-05
2.97052e-10
3.60381e-05
2.58584e-10
3.60381e-05
2.24669e-10
3.6038e-05
1.9483e-10
3.6038e-05
1.68591e-10
3.6038e-05
1.45576e-10
3.6038e-05
1.25424e-10
3.60379e-05
1.07801e-10
3.60379e-05
9.24417e-11
3.60379e-05
7.90708e-11
3.60379e-05
6.74679e-11
3.60379e-05
5.74223e-11
3.60379e-05
4.87486e-11
3.60379e-05
4.12891e-11
3.60379e-05
3.4879e-11
3.60379e-05
2.94185e-11
3.60379e-05
2.4746e-11
3.60379e-05
2.08327e-11
3.60379e-05
1.74723e-11
3.60379e-05
1.47787e-11
3.60379e-05
1.24091e-11
3.60379e-05
1.06742e-11
3.60379e-05
9.16496e-12
3.60379e-05
8.03447e-12
3.60379e-05
7.70608e-12
3.60379e-05
6.48113e-12
3.60379e-05
8.25526e-12
3.60379e-05
6.53243e-12
3.60379e-05
1.03496e-11
3.60378e-05
1.15106e-11
3.60378e-05
1.25327e-11
3.60378e-05
2.62392e-11
3.60378e-05
1.87937e-11
3.60378e-05
4.75393e-11
3.60378e-05
4.0299e-11
7.14612e-11
3.91866e-05
8.32138e-09
3.91871e-05
8.99811e-09
3.91877e-05
9.6006e-09
3.91884e-05
1.01695e-08
3.91891e-05
1.0736e-08
3.919e-05
1.13925e-08
3.91911e-05
1.21586e-08
3.91921e-05
1.27691e-08
3.91932e-05
1.32567e-08
3.91945e-05
1.38778e-08
3.91957e-05
1.44633e-08
3.91968e-05
1.48753e-08
3.9198e-05
1.52938e-08
3.91991e-05
1.57336e-08
3.92003e-05
1.61475e-08
3.92015e-05
1.65933e-08
3.92029e-05
1.70389e-08
3.92042e-05
1.74636e-08
3.92056e-05
1.78653e-08
3.92069e-05
1.81386e-08
3.92081e-05
1.83225e-08
3.92095e-05
1.86133e-08
3.9211e-05
1.89648e-08
3.92125e-05
1.91574e-08
3.92139e-05
1.91967e-08
3.92155e-05
1.92369e-08
3.92171e-05
1.92787e-08
3.92187e-05
1.92232e-08
3.92203e-05
1.90413e-08
3.92219e-05
1.87493e-08
3.92234e-05
1.83272e-08
3.92249e-05
1.77334e-08
3.92262e-05
1.69494e-08
3.92274e-05
1.59863e-08
3.92283e-05
1.48735e-08
3.92289e-05
1.36549e-08
3.92293e-05
1.23835e-08
3.92295e-05
1.11123e-08
3.92294e-05
9.8863e-09
3.92292e-05
8.73823e-09
3.92289e-05
7.68815e-09
3.92285e-05
6.74491e-09
3.92281e-05
5.90879e-09
3.92277e-05
5.17432e-09
3.92273e-05
4.53278e-09
3.9227e-05
3.97403e-09
3.92266e-05
3.48782e-09
3.92263e-05
3.06452e-09
3.9226e-05
2.69545e-09
3.92257e-05
2.37301e-09
3.92255e-05
2.09069e-09
3.92252e-05
1.84293e-09
3.9225e-05
1.62505e-09
3.92249e-05
1.43305e-09
3.92247e-05
1.26359e-09
3.92246e-05
1.11381e-09
3.92244e-05
9.81268e-10
3.92243e-05
8.63899e-10
3.92242e-05
7.59902e-10
3.92241e-05
6.67738e-10
3.9224e-05
5.86056e-10
3.9224e-05
5.13682e-10
3.92239e-05
4.49595e-10
3.92239e-05
3.92875e-10
3.92238e-05
3.4273e-10
3.92238e-05
2.98447e-10
3.92237e-05
2.59378e-10
3.92237e-05
2.2498e-10
3.92237e-05
1.94726e-10
3.92237e-05
1.6817e-10
3.92237e-05
1.44912e-10
3.92236e-05
1.24569e-10
3.92236e-05
1.0683e-10
3.92236e-05
9.13876e-11
3.92236e-05
7.79823e-11
3.92236e-05
6.63748e-11
3.92236e-05
5.63519e-11
3.92236e-05
4.77287e-11
3.92236e-05
4.03232e-11
3.92236e-05
3.4004e-11
3.92236e-05
2.86139e-11
3.92236e-05
2.40687e-11
3.92236e-05
2.02177e-11
3.92236e-05
1.70456e-11
3.92235e-05
1.43901e-11
3.92235e-05
1.22652e-11
3.92235e-05
1.06519e-11
3.92235e-05
9.22427e-12
3.92235e-05
8.83981e-12
3.92235e-05
7.65222e-12
3.92235e-05
8.99512e-12
3.92235e-05
8.15302e-12
3.92235e-05
1.07913e-11
3.92235e-05
1.34063e-11
3.92235e-05
1.37535e-11
3.92235e-05
2.67863e-11
3.92235e-05
2.16994e-11
3.92235e-05
4.58813e-11
3.92235e-05
4.17468e-11
6.80765e-11
4.26523e-05
7.89203e-09
4.26529e-05
8.39982e-09
4.26536e-05
8.94016e-09
4.26543e-05
9.49792e-09
4.2655e-05
1.00339e-08
4.26558e-05
1.05466e-08
4.26568e-05
1.11331e-08
4.26579e-05
1.17243e-08
4.26589e-05
1.22216e-08
4.26601e-05
1.27351e-08
4.26612e-05
1.32679e-08
4.26624e-05
1.37106e-08
4.26636e-05
1.41185e-08
4.26648e-05
1.45393e-08
4.2666e-05
1.49357e-08
4.26673e-05
1.53328e-08
4.26686e-05
1.5737e-08
4.26699e-05
1.61173e-08
4.26713e-05
1.64758e-08
4.26727e-05
1.67649e-08
4.2674e-05
1.69563e-08
4.26755e-05
1.71569e-08
4.2677e-05
1.74164e-08
4.26786e-05
1.76225e-08
4.26801e-05
1.77081e-08
4.26816e-05
1.77372e-08
4.26831e-05
1.77448e-08
4.26846e-05
1.76795e-08
4.26862e-05
1.75011e-08
4.26877e-05
1.72134e-08
4.26892e-05
1.68173e-08
4.26907e-05
1.62951e-08
4.2692e-05
1.56348e-08
4.26931e-05
1.48421e-08
4.26941e-05
1.39354e-08
4.26948e-05
1.29418e-08
4.26953e-05
1.1895e-08
4.26955e-05
1.08313e-08
4.26956e-05
9.78414e-09
4.26956e-05
8.78045e-09
4.26954e-05
7.83952e-09
4.26952e-05
6.97297e-09
4.26949e-05
6.18587e-09
4.26946e-05
5.47829e-09
4.26943e-05
4.84683e-09
4.2694e-05
4.28609e-09
4.26937e-05
3.78965e-09
4.26934e-05
3.35085e-09
4.26932e-05
2.9632e-09
4.26929e-05
2.6207e-09
4.26927e-05
2.3179e-09
4.26925e-05
2.04999e-09
4.26923e-05
1.81272e-09
4.26921e-05
1.60241e-09
4.2692e-05
1.41584e-09
4.26918e-05
1.25023e-09
4.26917e-05
1.10314e-09
4.26916e-05
9.72473e-10
4.26915e-05
8.56381e-10
4.26914e-05
7.53256e-10
4.26913e-05
6.61679e-10
4.26913e-05
5.80396e-10
4.26912e-05
5.08311e-10
4.26912e-05
4.44433e-10
4.26911e-05
3.87892e-10
4.26911e-05
3.37914e-10
4.2691e-05
2.93787e-10
4.2691e-05
2.54902e-10
4.2691e-05
2.20686e-10
4.2691e-05
1.90633e-10
4.26909e-05
1.64298e-10
4.26909e-05
1.4126e-10
4.26909e-05
1.21159e-10
4.26909e-05
1.03658e-10
4.26909e-05
8.84613e-11
4.26909e-05
7.52996e-11
4.26909e-05
6.3933e-11
4.26909e-05
5.4151e-11
4.26909e-05
4.57527e-11
4.26909e-05
3.85789e-11
4.26909e-05
3.24697e-11
4.26909e-05
2.73007e-11
4.26909e-05
2.29479e-11
4.26908e-05
1.93187e-11
4.26908e-05
1.63431e-11
4.26908e-05
1.38802e-11
4.26908e-05
1.20875e-11
4.26908e-05
1.0454e-11
4.26908e-05
9.91149e-12
4.26908e-05
8.81906e-12
4.26908e-05
9.74804e-12
4.26908e-05
9.5584e-12
4.26908e-05
1.14203e-11
4.26908e-05
1.47815e-11
4.26908e-05
1.50511e-11
4.26908e-05
2.68832e-11
4.26908e-05
2.38817e-11
4.26908e-05
4.41682e-11
4.26908e-05
4.21335e-11
6.46788e-11
4.64246e-05
7.41434e-09
4.64252e-05
7.86388e-09
4.64258e-05
8.34586e-09
4.64264e-05
8.81312e-09
4.64272e-05
9.26105e-09
4.64281e-05
9.71453e-09
4.6429e-05
1.02121e-08
4.643e-05
1.07247e-08
4.6431e-05
1.11866e-08
4.64321e-05
1.16329e-08
4.64333e-05
1.20994e-08
4.64344e-05
1.25403e-08
4.64356e-05
1.29471e-08
4.64368e-05
1.33398e-08
4.64381e-05
1.37025e-08
4.64393e-05
1.40455e-08
4.64407e-05
1.43899e-08
4.64421e-05
1.47208e-08
4.64435e-05
1.50346e-08
4.6445e-05
1.53212e-08
4.64464e-05
1.5549e-08
4.64478e-05
1.57413e-08
4.64493e-05
1.5942e-08
4.64508e-05
1.61171e-08
4.64523e-05
1.62069e-08
4.64538e-05
1.62206e-08
4.64553e-05
1.61931e-08
4.64569e-05
1.61138e-08
4.64585e-05
1.59524e-08
4.646e-05
1.56997e-08
4.64614e-05
1.53565e-08
4.64628e-05
1.49153e-08
4.64641e-05
1.43686e-08
4.64652e-05
1.3719e-08
4.64662e-05
1.2979e-08
4.64669e-05
1.21669e-08
4.64675e-05
1.13053e-08
4.64679e-05
1.04192e-08
4.64682e-05
9.53271e-09
4.64683e-05
8.66673e-09
4.64683e-05
7.83781e-09
4.64682e-05
7.05766e-09
4.64681e-05
6.33346e-09
4.64679e-05
5.66853e-09
4.64677e-05
5.06318e-09
4.64674e-05
4.5156e-09
4.64672e-05
4.02261e-09
4.6467e-05
3.58024e-09
4.64667e-05
3.18419e-09
4.64665e-05
2.83014e-09
4.64663e-05
2.51392e-09
4.64662e-05
2.23163e-09
4.6466e-05
1.9797e-09
4.64658e-05
1.75489e-09
4.64657e-05
1.55431e-09
4.64656e-05
1.37537e-09
4.64655e-05
1.21577e-09
4.64654e-05
1.07345e-09
4.64653e-05
9.46604e-10
4.64652e-05
8.33607e-10
4.64651e-05
7.33023e-10
4.64651e-05
6.43558e-10
4.6465e-05
5.6407e-10
4.6465e-05
4.93524e-10
4.64649e-05
4.30992e-10
4.64649e-05
3.75654e-10
4.64648e-05
3.26747e-10
4.64648e-05
2.83606e-10
4.64648e-05
2.4562e-10
4.64648e-05
2.12232e-10
4.64647e-05
1.82956e-10
4.64647e-05
1.57336e-10
4.64647e-05
1.3497e-10
4.64647e-05
1.15491e-10
4.64647e-05
9.85712e-11
4.64647e-05
8.39135e-11
4.64647e-05
7.12521e-11
4.64647e-05
6.03527e-11
4.64647e-05
5.09962e-11
4.64647e-05
4.29984e-11
4.64647e-05
3.61921e-11
4.64647e-05
3.04249e-11
4.64647e-05
2.55793e-11
4.64647e-05
2.15203e-11
4.64646e-05
1.82143e-11
4.64646e-05
1.54535e-11
4.64646e-05
1.34442e-11
4.64646e-05
1.16559e-11
4.64646e-05
1.09141e-11
4.64646e-05
9.91174e-12
4.64646e-05
1.04915e-11
4.64646e-05
1.0722e-11
4.64646e-05
1.21164e-11
4.64646e-05
1.57221e-11
4.64646e-05
1.62035e-11
4.64646e-05
2.66504e-11
4.64646e-05
2.52755e-11
4.64646e-05
4.2356e-11
4.64646e-05
4.16396e-11
6.11346e-11
5.05302e-05
6.93567e-09
5.05308e-05
7.30648e-09
5.05314e-05
7.69269e-09
5.05322e-05
8.0913e-09
5.05329e-05
8.50137e-09
5.05337e-05
8.90991e-09
5.05346e-05
9.31813e-09
5.05356e-05
9.74057e-09
5.05366e-05
1.0163e-08
5.05377e-05
1.05751e-08
5.05388e-05
1.09881e-08
5.05399e-05
1.13845e-08
5.05412e-05
1.17413e-08
5.05424e-05
1.20734e-08
5.05437e-05
1.24012e-08
5.0545e-05
1.27293e-08
5.05464e-05
1.30545e-08
5.05477e-05
1.33611e-08
5.05491e-05
1.36443e-08
5.05505e-05
1.39043e-08
5.0552e-05
1.41225e-08
5.05534e-05
1.42935e-08
5.05549e-05
1.44431e-08
5.05565e-05
1.45753e-08
5.0558e-05
1.46599e-08
5.05595e-05
1.46831e-08
5.05611e-05
1.46576e-08
5.05626e-05
1.45841e-08
5.05641e-05
1.44459e-08
5.05656e-05
1.42316e-08
5.0567e-05
1.39397e-08
5.05683e-05
1.35693e-08
5.05696e-05
1.31179e-08
5.05707e-05
1.25876e-08
5.05717e-05
1.19864e-08
5.05726e-05
1.13261e-08
5.05732e-05
1.06216e-08
5.05738e-05
9.88957e-09
5.05742e-05
9.14687e-09
5.05744e-05
8.40929e-09
5.05746e-05
7.69033e-09
5.05746e-05
7.00063e-09
5.05746e-05
6.34791e-09
5.05745e-05
5.73712e-09
5.05744e-05
5.1708e-09
5.05743e-05
4.64963e-09
5.05741e-05
4.17286e-09
5.0574e-05
3.73872e-09
5.05738e-05
3.34486e-09
5.05737e-05
2.98854e-09
5.05735e-05
2.66689e-09
5.05734e-05
2.37705e-09
5.05732e-05
2.11623e-09
5.05731e-05
1.88179e-09
5.0573e-05
1.67128e-09
5.05729e-05
1.48242e-09
5.05728e-05
1.31314e-09
5.05727e-05
1.16156e-09
5.05726e-05
1.02595e-09
5.05725e-05
9.04754e-10
5.05725e-05
7.96564e-10
5.05724e-05
7.00098e-10
5.05724e-05
6.14202e-10
5.05723e-05
5.37827e-10
5.05723e-05
4.70018e-10
5.05723e-05
4.09921e-10
5.05722e-05
3.56747e-10
5.05722e-05
3.09788e-10
5.05722e-05
2.68402e-10
5.05722e-05
2.31999e-10
5.05721e-05
2.00054e-10
5.05721e-05
1.72084e-10
5.05721e-05
1.47652e-10
5.05721e-05
1.26364e-10
5.05721e-05
1.07868e-10
5.05721e-05
9.18386e-11
5.05721e-05
7.79886e-11
5.05721e-05
6.60623e-11
5.05721e-05
5.58243e-11
5.05721e-05
4.70691e-11
5.05721e-05
3.96189e-11
5.05721e-05
3.33031e-11
5.05721e-05
2.79985e-11
5.05721e-05
2.35496e-11
5.0572e-05
1.99267e-11
5.0572e-05
1.69051e-11
5.0572e-05
1.46736e-11
5.0572e-05
1.27582e-11
5.0572e-05
1.18147e-11
5.0572e-05
1.08684e-11
5.0572e-05
1.11727e-11
5.0572e-05
1.16265e-11
5.0572e-05
1.27538e-11
5.0572e-05
1.6284e-11
5.0572e-05
1.70511e-11
5.0572e-05
2.61278e-11
5.0572e-05
2.58929e-11
5.0572e-05
4.03546e-11
5.0572e-05
4.04131e-11
5.73388e-11
5.49988e-05
6.38389e-09
5.49994e-05
6.70273e-09
5.5e-05
7.03721e-09
5.50007e-05
7.38374e-09
5.50015e-05
7.7326e-09
5.50023e-05
8.07996e-09
5.50032e-05
8.43302e-09
5.50041e-05
8.79854e-09
5.50051e-05
9.16403e-09
5.50062e-05
9.51456e-09
5.50073e-05
9.85382e-09
5.50085e-05
1.01859e-08
5.50098e-05
1.05113e-08
5.5011e-05
1.08369e-08
5.50123e-05
1.11572e-08
5.50135e-05
1.14564e-08
5.50148e-05
1.17319e-08
5.50162e-05
1.19886e-08
5.50176e-05
1.22291e-08
5.50191e-05
1.24518e-08
5.50206e-05
1.26481e-08
5.5022e-05
1.28105e-08
5.50235e-05
1.29455e-08
5.50251e-05
1.3058e-08
5.50266e-05
1.31355e-08
5.50281e-05
1.31639e-08
5.50296e-05
1.31433e-08
5.50311e-05
1.30763e-08
5.50326e-05
1.29575e-08
5.50341e-05
1.27793e-08
5.50355e-05
1.25388e-08
5.50368e-05
1.22358e-08
5.5038e-05
1.18699e-08
5.50392e-05
1.14425e-08
5.50402e-05
1.09585e-08
5.50411e-05
1.04254e-08
5.50419e-05
9.85328e-09
5.50425e-05
9.2533e-09
5.5043e-05
8.63736e-09
5.50434e-05
8.01704e-09
5.50437e-05
7.40291e-09
5.50439e-05
6.80397e-09
5.5044e-05
6.22744e-09
5.50441e-05
5.67869e-09
5.50441e-05
5.16138e-09
5.50441e-05
4.67764e-09
5.5044e-05
4.22838e-09
5.50439e-05
3.81351e-09
5.50439e-05
3.4322e-09
5.50438e-05
3.08312e-09
5.50437e-05
2.7646e-09
5.50436e-05
2.47478e-09
5.50435e-05
2.21171e-09
5.50434e-05
1.97341e-09
5.50433e-05
1.75794e-09
5.50432e-05
1.56347e-09
5.50431e-05
1.38821e-09
5.50431e-05
1.23053e-09
5.5043e-05
1.08886e-09
5.50429e-05
9.61789e-10
5.50429e-05
8.47983e-10
5.50428e-05
7.46222e-10
5.50428e-05
6.55383e-10
5.50428e-05
5.74437e-10
5.50427e-05
5.02434e-10
5.50427e-05
4.38511e-10
5.50427e-05
3.81871e-10
5.50427e-05
3.31787e-10
5.50426e-05
2.87598e-10
5.50426e-05
2.48694e-10
5.50426e-05
2.14525e-10
5.50426e-05
1.84586e-10
5.50426e-05
1.58418e-10
5.50426e-05
1.35607e-10
5.50426e-05
1.15777e-10
5.50426e-05
9.85864e-11
5.50426e-05
8.3728e-11
5.50426e-05
7.09286e-11
5.50425e-05
5.99402e-11
5.50425e-05
5.05404e-11
5.50425e-05
4.25397e-11
5.50425e-05
3.57567e-11
5.50425e-05
3.00578e-11
5.50425e-05
2.52779e-11
5.50425e-05
2.13772e-11
5.50425e-05
1.81381e-11
5.50425e-05
1.57041e-11
5.50425e-05
1.36817e-11
5.50425e-05
1.25568e-11
5.50425e-05
1.16279e-11
5.50425e-05
1.17193e-11
5.50425e-05
1.22487e-11
5.50425e-05
1.3216e-11
5.50425e-05
1.64874e-11
5.50425e-05
1.74885e-11
5.50425e-05
2.52988e-11
5.50425e-05
2.57818e-11
5.50425e-05
3.80687e-11
5.50425e-05
3.8554e-11
5.32174e-11
5.98622e-05
5.79974e-09
5.98629e-05
6.07618e-09
5.98635e-05
6.35911e-09
5.98643e-05
6.64832e-09
5.98651e-05
6.94301e-09
5.98659e-05
7.24212e-09
5.98668e-05
7.54274e-09
5.98677e-05
7.84325e-09
5.98688e-05
8.14272e-09
5.98698e-05
8.44011e-09
5.9871e-05
8.73894e-09
5.98721e-05
9.04253e-09
5.98733e-05
9.34173e-09
5.98745e-05
9.62417e-09
5.98758e-05
9.8865e-09
5.98771e-05
1.0133e-08
5.98784e-05
1.03706e-08
5.98798e-05
1.06003e-08
5.98812e-05
1.08162e-08
5.98827e-05
1.10135e-08
5.98841e-05
1.11891e-08
5.98856e-05
1.13381e-08
5.98871e-05
1.14588e-08
5.98886e-05
1.15527e-08
5.98901e-05
1.16171e-08
5.98916e-05
1.1645e-08
5.98931e-05
1.16327e-08
5.98946e-05
1.15799e-08
5.98961e-05
1.14846e-08
5.98976e-05
1.13424e-08
5.98989e-05
1.11506e-08
5.99003e-05
1.09086e-08
5.99015e-05
1.06166e-08
5.99027e-05
1.02761e-08
5.99038e-05
9.89013e-09
5.99047e-05
9.46383e-09
5.99056e-05
9.00367e-09
5.99063e-05
8.51724e-09
5.99069e-05
8.01273e-09
5.99074e-05
7.49847e-09
5.99079e-05
6.98243e-09
5.99082e-05
6.47185e-09
5.99085e-05
5.97294e-09
5.99086e-05
5.49083e-09
5.99088e-05
5.02946e-09
5.99089e-05
4.59168e-09
5.99089e-05
4.17934e-09
5.99089e-05
3.79346e-09
5.99089e-05
3.43435e-09
5.99089e-05
3.10176e-09
5.99089e-05
2.79504e-09
5.99088e-05
2.51321e-09
5.99088e-05
2.2551e-09
5.99088e-05
2.01942e-09
5.99087e-05
1.80478e-09
5.99087e-05
1.60979e-09
5.99086e-05
1.43304e-09
5.99086e-05
1.27319e-09
5.99085e-05
1.12892e-09
5.99085e-05
9.98981e-10
5.99085e-05
8.82187e-10
5.99084e-05
7.7742e-10
5.99084e-05
6.83634e-10
5.99084e-05
5.99854e-10
5.99084e-05
5.25169e-10
5.99083e-05
4.58737e-10
5.99083e-05
3.99776e-10
5.99083e-05
3.47564e-10
5.99083e-05
3.01438e-10
5.99083e-05
2.60785e-10
5.99083e-05
2.25045e-10
5.99083e-05
1.93703e-10
5.99082e-05
1.66291e-10
5.99082e-05
1.4238e-10
5.99082e-05
1.21583e-10
5.99082e-05
1.03547e-10
5.99082e-05
8.79515e-11
5.99082e-05
7.45122e-11
5.99082e-05
6.29718e-11
5.99082e-05
5.30979e-11
5.99082e-05
4.46908e-11
5.99082e-05
3.75624e-11
5.99082e-05
3.15704e-11
5.99082e-05
2.65459e-11
5.99082e-05
2.24341e-11
5.99082e-05
1.90351e-11
5.99082e-05
1.64416e-11
5.99082e-05
1.43362e-11
5.99082e-05
1.30628e-11
5.99082e-05
1.21223e-11
5.99082e-05
1.2049e-11
5.99082e-05
1.25532e-11
5.99082e-05
1.34e-11
5.99082e-05
1.63186e-11
5.99082e-05
1.74511e-11
5.99082e-05
2.41176e-11
5.99082e-05
2.49923e-11
5.99082e-05
3.5417e-11
5.99082e-05
3.61178e-11
4.87222e-11
6.51556e-05
5.17334e-09
6.51562e-05
5.40574e-09
6.51569e-05
5.64252e-09
6.51577e-05
5.88443e-09
6.51585e-05
6.13049e-09
6.51594e-05
6.37893e-09
6.51603e-05
6.62875e-09
6.51613e-05
6.88091e-09
6.51623e-05
7.13633e-09
6.51633e-05
7.39334e-09
6.51644e-05
7.64866e-09
6.51655e-05
7.89831e-09
6.51667e-05
8.13869e-09
6.5168e-05
8.37061e-09
6.51693e-05
8.59758e-09
6.51706e-05
8.81944e-09
6.51719e-05
9.032e-09
6.51733e-05
9.23093e-09
6.51747e-05
9.41428e-09
6.51761e-05
9.58154e-09
6.51776e-05
9.73145e-09
6.51791e-05
9.86089e-09
6.51806e-05
9.96718e-09
6.51821e-05
1.00497e-08
6.51836e-05
1.01072e-08
6.51851e-05
1.01361e-08
6.51866e-05
1.01328e-08
6.51881e-05
1.00955e-08
6.51895e-05
1.00229e-08
6.5191e-05
9.913e-09
6.51924e-05
9.76396e-09
6.51937e-05
9.57515e-09
6.5195e-05
9.34688e-09
6.51962e-05
9.08022e-09
6.51973e-05
8.77723e-09
6.51983e-05
8.44113e-09
6.51992e-05
8.07618e-09
6.52e-05
7.68743e-09
6.52008e-05
7.2805e-09
6.52014e-05
6.86128e-09
6.5202e-05
6.43562e-09
6.52024e-05
6.00911e-09
6.52028e-05
5.58683e-09
6.52031e-05
5.17325e-09
6.52034e-05
4.77208e-09
6.52036e-05
4.38634e-09
6.52038e-05
4.0183e-09
6.52039e-05
3.66957e-09
6.5204e-05
3.34118e-09
6.5204e-05
3.03364e-09
6.52041e-05
2.74707e-09
6.52041e-05
2.48121e-09
6.52041e-05
2.23556e-09
6.52041e-05
2.00942e-09
6.52042e-05
1.80194e-09
6.52041e-05
1.61218e-09
6.52041e-05
1.43914e-09
6.52041e-05
1.28178e-09
6.52041e-05
1.13905e-09
6.52041e-05
1.00994e-09
6.52041e-05
8.93432e-10
6.52041e-05
7.88558e-10
6.52041e-05
6.94386e-10
6.52041e-05
6.1003e-10
6.52041e-05
5.3465e-10
6.52041e-05
4.67456e-10
6.5204e-05
4.07707e-10
6.5204e-05
3.54711e-10
6.5204e-05
3.07825e-10
6.5204e-05
2.66451e-10
6.5204e-05
2.30038e-10
6.5204e-05
1.98076e-10
6.5204e-05
1.70099e-10
6.5204e-05
1.45679e-10
6.5204e-05
1.24426e-10
6.5204e-05
1.05986e-10
6.5204e-05
9.00349e-11
6.5204e-05
7.62832e-11
6.5204e-05
6.44712e-11
6.5204e-05
5.43631e-11
6.5204e-05
4.57532e-11
6.5204e-05
3.84513e-11
6.5204e-05
3.23101e-11
6.5204e-05
2.71623e-11
6.5204e-05
2.29384e-11
6.5204e-05
1.94576e-11
6.5204e-05
1.67687e-11
6.5204e-05
1.46171e-11
6.5204e-05
1.32411e-11
6.5204e-05
1.2276e-11
6.5204e-05
1.20721e-11
6.5204e-05
1.24882e-11
6.5204e-05
1.32192e-11
6.5204e-05
1.57424e-11
6.5204e-05
1.68939e-11
6.5204e-05
2.25247e-11
6.5204e-05
2.3563e-11
6.5204e-05
3.23443e-11
6.5204e-05
3.31221e-11
4.38172e-11
7.09167e-05
4.49957e-09
7.09174e-05
4.69153e-09
7.09182e-05
4.88706e-09
7.0919e-05
5.08617e-09
7.09198e-05
5.28837e-09
7.09207e-05
5.49324e-09
7.09216e-05
5.70031e-09
7.09226e-05
5.90882e-09
7.09236e-05
6.11769e-09
7.09247e-05
6.32547e-09
7.09258e-05
6.53095e-09
7.0927e-05
6.73411e-09
7.09282e-05
6.93551e-09
7.09294e-05
7.13443e-09
7.09307e-05
7.32818e-09
7.0932e-05
7.51337e-09
7.09333e-05
7.6881e-09
7.09347e-05
7.85233e-09
7.09361e-05
8.00592e-09
7.09376e-05
8.14749e-09
7.0939e-05
8.27504e-09
7.09405e-05
8.38638e-09
7.0942e-05
8.47943e-09
7.09435e-05
8.55264e-09
7.0945e-05
8.60468e-09
7.09465e-05
8.63361e-09
7.0948e-05
8.63718e-09
7.09495e-05
8.61372e-09
7.09509e-05
8.56203e-09
7.09524e-05
8.48092e-09
7.09537e-05
8.36931e-09
7.09551e-05
8.22662e-09
7.09564e-05
8.05295e-09
7.09576e-05
7.849e-09
7.09588e-05
7.61613e-09
7.09599e-05
7.35639e-09
7.09609e-05
7.07254e-09
7.09618e-05
6.76793e-09
7.09626e-05
6.44633e-09
7.09634e-05
6.11185e-09
7.0964e-05
5.76867e-09
7.09646e-05
5.42096e-09
7.09651e-05
5.07269e-09
7.09656e-05
4.72749e-09
7.0966e-05
4.38861e-09
7.09663e-05
4.05883e-09
7.09666e-05
3.74046e-09
7.09668e-05
3.43533e-09
7.0967e-05
3.14483e-09
7.09672e-05
2.86991e-09
7.09673e-05
2.61118e-09
7.09674e-05
2.36892e-09
7.09675e-05
2.14313e-09
7.09676e-05
1.93359e-09
7.09676e-05
1.73993e-09
7.09677e-05
1.56159e-09
7.09677e-05
1.39796e-09
7.09678e-05
1.24831e-09
7.09678e-05
1.11189e-09
7.09678e-05
9.87917e-10
7.09678e-05
8.75582e-10
7.09679e-05
7.74089e-10
7.09679e-05
6.82652e-10
7.09679e-05
6.00505e-10
7.09679e-05
5.26908e-10
7.09679e-05
4.61152e-10
7.09679e-05
4.02563e-10
7.09679e-05
3.50504e-10
7.09679e-05
3.04375e-10
7.09679e-05
2.63614e-10
7.09679e-05
2.27697e-10
7.09679e-05
1.96139e-10
7.09679e-05
1.68492e-10
7.09679e-05
1.44343e-10
7.09679e-05
1.23311e-10
7.09679e-05
1.05053e-10
7.09679e-05
8.92527e-11
7.09679e-05
7.56259e-11
7.09679e-05
6.3917e-11
7.09679e-05
5.38947e-11
7.09679e-05
4.53548e-11
7.09679e-05
3.81102e-11
7.09679e-05
3.20144e-11
7.09679e-05
2.69054e-11
7.09679e-05
2.27027e-11
7.09679e-05
1.92447e-11
7.09679e-05
1.65504e-11
7.09679e-05
1.44085e-11
7.09679e-05
1.29853e-11
7.09679e-05
1.2001e-11
7.09679e-05
1.16981e-11
7.09679e-05
1.19941e-11
7.09679e-05
1.2595e-11
7.09679e-05
1.47098e-11
7.09679e-05
1.57787e-11
7.09679e-05
2.04688e-11
7.09679e-05
2.15002e-11
7.09679e-05
2.88183e-11
7.09679e-05
2.95655e-11
3.84703e-11
7.7187e-05
3.77578e-09
7.71878e-05
3.9313e-09
7.71886e-05
4.08902e-09
7.71894e-05
4.24872e-09
7.71903e-05
4.41043e-09
7.71912e-05
4.57395e-09
7.71922e-05
4.73882e-09
7.71932e-05
4.90455e-09
7.71942e-05
5.07076e-09
7.71953e-05
5.23712e-09
7.71965e-05
5.40312e-09
7.71976e-05
5.56804e-09
7.71988e-05
5.7307e-09
7.72001e-05
5.88964e-09
7.72014e-05
6.0437e-09
7.72027e-05
6.19227e-09
7.7204e-05
6.33474e-09
7.72054e-05
6.47006e-09
7.72068e-05
6.59681e-09
7.72083e-05
6.71355e-09
7.72097e-05
6.819e-09
7.72112e-05
6.91186e-09
7.72127e-05
6.99066e-09
7.72142e-05
7.05398e-09
7.72157e-05
7.10058e-09
7.72172e-05
7.12915e-09
7.72187e-05
7.13827e-09
7.72202e-05
7.12661e-09
7.72216e-05
7.09311e-09
7.72231e-05
7.03688e-09
7.72245e-05
6.95723e-09
7.72259e-05
6.85373e-09
7.72272e-05
6.72635e-09
7.72285e-05
6.57549e-09
7.72297e-05
6.40199e-09
7.72308e-05
6.20713e-09
7.72319e-05
5.99266e-09
7.72329e-05
5.76075e-09
7.72339e-05
5.51388e-09
7.72347e-05
5.25484e-09
7.72355e-05
4.98656e-09
7.72362e-05
4.71203e-09
7.72368e-05
4.43419e-09
7.72374e-05
4.15588e-09
7.72379e-05
3.87973e-09
7.72384e-05
3.6081e-09
7.72388e-05
3.34308e-09
7.72391e-05
3.08644e-09
7.72394e-05
2.83963e-09
7.72397e-05
2.60379e-09
7.72399e-05
2.37978e-09
7.72401e-05
2.16818e-09
7.72403e-05
1.96933e-09
7.72404e-05
1.78336e-09
7.72406e-05
1.61023e-09
7.72407e-05
1.44975e-09
7.72408e-05
1.30158e-09
7.72409e-05
1.16531e-09
7.72409e-05
1.04045e-09
7.7241e-05
9.26435e-10
7.72411e-05
8.22688e-10
7.72411e-05
7.28595e-10
7.72411e-05
6.4353e-10
7.72412e-05
5.66871e-10
7.72412e-05
4.98002e-10
7.72412e-05
4.36319e-10
7.72412e-05
3.8124e-10
7.72413e-05
3.32206e-10
7.72413e-05
2.88685e-10
7.72413e-05
2.50173e-10
7.72413e-05
2.16194e-10
7.72413e-05
1.86307e-10
7.72413e-05
1.601e-10
7.72413e-05
1.3719e-10
7.72413e-05
1.17224e-10
7.72413e-05
9.98806e-11
7.72413e-05
8.48656e-11
7.72414e-05
7.19112e-11
7.72414e-05
6.07758e-11
7.72414e-05
5.12412e-11
7.72414e-05
4.31149e-11
7.72414e-05
3.62192e-11
7.72414e-05
3.04134e-11
7.72414e-05
2.55466e-11
7.72414e-05
2.1536e-11
7.72414e-05
1.8236e-11
7.72414e-05
1.56483e-11
7.72414e-05
1.3591e-11
7.72414e-05
1.219e-11
7.72414e-05
1.1209e-11
7.72414e-05
1.08406e-11
7.72414e-05
1.10005e-11
7.72414e-05
1.14663e-11
7.72414e-05
1.31617e-11
7.72414e-05
1.4085e-11
7.72414e-05
1.78869e-11
7.72414e-05
1.88122e-11
7.72414e-05
2.4769e-11
7.72414e-05
2.54854e-11
3.26267e-11
8.40116e-05
3.00108e-09
8.40124e-05
3.11957e-09
8.40132e-05
3.23993e-09
8.40141e-05
3.36229e-09
8.4015e-05
3.48637e-09
8.4016e-05
3.61187e-09
8.4017e-05
3.73846e-09
8.4018e-05
3.86581e-09
8.40191e-05
3.99359e-09
8.40202e-05
4.12136e-09
8.40214e-05
4.24865e-09
8.40226e-05
4.37489e-09
8.40238e-05
4.49953e-09
8.40251e-05
4.62202e-09
8.40264e-05
4.74174e-09
8.40277e-05
4.85791e-09
8.40291e-05
4.96956e-09
8.40305e-05
5.07574e-09
8.40319e-05
5.17554e-09
8.40333e-05
5.26809e-09
8.40348e-05
5.35244e-09
8.40363e-05
5.42756e-09
8.40378e-05
5.49238e-09
8.40393e-05
5.54581e-09
8.40408e-05
5.58684e-09
8.40423e-05
5.61445e-09
8.40438e-05
5.62766e-09
8.40453e-05
5.62552e-09
8.40468e-05
5.6072e-09
8.40483e-05
5.57203e-09
8.40497e-05
5.51948e-09
8.40511e-05
5.44921e-09
8.40525e-05
5.36113e-09
8.40538e-05
5.2554e-09
8.40551e-05
5.13249e-09
8.40563e-05
4.99315e-09
8.40574e-05
4.83844e-09
8.40585e-05
4.6697e-09
8.40596e-05
4.48855e-09
8.40605e-05
4.29678e-09
8.40614e-05
4.09636e-09
8.40622e-05
3.88935e-09
8.4063e-05
3.67787e-09
8.40637e-05
3.46397e-09
8.40643e-05
3.24967e-09
8.40649e-05
3.03683e-09
8.40654e-05
2.82717e-09
8.40659e-05
2.62224e-09
8.40663e-05
2.42334e-09
8.40666e-05
2.23161e-09
8.4067e-05
2.04794e-09
8.40673e-05
1.87305e-09
8.40675e-05
1.70743e-09
8.40678e-05
1.55144e-09
8.4068e-05
1.40524e-09
8.40682e-05
1.26886e-09
8.40683e-05
1.14222e-09
8.40685e-05
1.02513e-09
8.40686e-05
9.17316e-10
8.40687e-05
8.18435e-10
8.40688e-05
7.28093e-10
8.40689e-05
6.45857e-10
8.40689e-05
5.7127e-10
8.4069e-05
5.03856e-10
8.4069e-05
4.43133e-10
8.40691e-05
3.88621e-10
8.40691e-05
3.39847e-10
8.40692e-05
2.96348e-10
8.40692e-05
2.57679e-10
8.40692e-05
2.23415e-10
8.40693e-05
1.93149e-10
8.40693e-05
1.66502e-10
8.40693e-05
1.43116e-10
8.40693e-05
1.22658e-10
8.40693e-05
1.04819e-10
8.40693e-05
8.93153e-11
8.40693e-05
7.58881e-11
8.40693e-05
6.42998e-11
8.40694e-05
5.43359e-11
8.40694e-05
4.5802e-11
8.40694e-05
3.85272e-11
8.40694e-05
3.23518e-11
8.40694e-05
2.71503e-11
8.40694e-05
2.27871e-11
8.40694e-05
1.91884e-11
8.40694e-05
1.62188e-11
8.40694e-05
1.3887e-11
8.40694e-05
1.20132e-11
8.40694e-05
1.07341e-11
8.40694e-05
9.78663e-12
8.40694e-05
9.41848e-12
8.40694e-05
9.41913e-12
8.40694e-05
9.78159e-12
8.40694e-05
1.10311e-11
8.40694e-05
1.17789e-11
8.40694e-05
1.47549e-11
8.40694e-05
1.54677e-11
8.40694e-05
2.01977e-11
8.40694e-05
2.06548e-11
2.63749e-11
9.1439e-05
2.15989e-09
9.14399e-05
2.24462e-09
9.14408e-05
2.33093e-09
9.14418e-05
2.41839e-09
9.14427e-05
2.50684e-09
9.14438e-05
2.59613e-09
9.14448e-05
2.68612e-09
9.14459e-05
2.77668e-09
9.1447e-05
2.86765e-09
9.14482e-05
2.95881e-09
9.14494e-05
3.04989e-09
9.14506e-05
3.14055e-09
9.14519e-05
3.23036e-09
9.14532e-05
3.31886e-09
9.14545e-05
3.40553e-09
9.14559e-05
3.48983e-09
9.14573e-05
3.57123e-09
9.14587e-05
3.64915e-09
9.14602e-05
3.72298e-09
9.14616e-05
3.79203e-09
9.14631e-05
3.85558e-09
9.14647e-05
3.9129e-09
9.14662e-05
3.96328e-09
9.14677e-05
4.00598e-09
9.14693e-05
4.04026e-09
9.14708e-05
4.0654e-09
9.14724e-05
4.08072e-09
9.14739e-05
4.08556e-09
9.14754e-05
4.07934e-09
9.14769e-05
4.06155e-09
9.14784e-05
4.0318e-09
9.14799e-05
3.98979e-09
9.14813e-05
3.9354e-09
9.14827e-05
3.86866e-09
9.14841e-05
3.78976e-09
9.14853e-05
3.69909e-09
9.14866e-05
3.59725e-09
9.14878e-05
3.48499e-09
9.14889e-05
3.36325e-09
9.149e-05
3.23312e-09
9.1491e-05
3.09582e-09
9.14919e-05
2.95266e-09
9.14928e-05
2.80499e-09
9.14936e-05
2.65422e-09
9.14943e-05
2.50173e-09
9.1495e-05
2.34885e-09
9.14956e-05
2.19684e-09
9.14962e-05
2.04689e-09
9.14967e-05
1.90006e-09
9.14972e-05
1.75727e-09
9.14976e-05
1.61933e-09
9.1498e-05
1.48691e-09
9.14984e-05
1.36055e-09
9.14987e-05
1.24064e-09
9.1499e-05
1.12748e-09
9.14992e-05
1.02122e-09
9.14994e-05
9.21952e-10
9.14996e-05
8.29639e-10
9.14998e-05
7.44188e-10
9.15e-05
6.65436e-10
9.15001e-05
5.93163e-10
9.15002e-05
5.27108e-10
9.15003e-05
4.66975e-10
9.15004e-05
4.12444e-10
9.15005e-05
3.63181e-10
9.15006e-05
3.1884e-10
9.15006e-05
2.79073e-10
9.15007e-05
2.43535e-10
9.15007e-05
2.11888e-10
9.15008e-05
1.83802e-10
9.15008e-05
1.58962e-10
9.15008e-05
1.37068e-10
9.15008e-05
1.17835e-10
9.15009e-05
1.00998e-10
9.15009e-05
8.63083e-11
9.15009e-05
7.35358e-11
9.15009e-05
6.24697e-11
9.15009e-05
5.29165e-11
9.15009e-05
4.47006e-11
9.15009e-05
3.76619e-11
9.1501e-05
3.16604e-11
9.1501e-05
2.6564e-11
9.1501e-05
2.22696e-11
9.1501e-05
1.86619e-11
9.1501e-05
1.5685e-11
9.1501e-05
1.32158e-11
9.1501e-05
1.12786e-11
9.1501e-05
9.6909e-12
9.1501e-05
8.61623e-12
9.1501e-05
7.75068e-12
9.1501e-05
7.42135e-12
9.1501e-05
7.26869e-12
9.1501e-05
7.53268e-12
9.1501e-05
8.32508e-12
9.1501e-05
8.88235e-12
9.1501e-05
1.10441e-11
9.1501e-05
1.15293e-11
9.1501e-05
1.51003e-11
9.1501e-05
1.53371e-11
1.94358e-11
9.95234e-05
9.95243e-05
9.95253e-05
9.95263e-05
9.95273e-05
9.95284e-05
9.95295e-05
9.95306e-05
9.95318e-05
9.9533e-05
9.95343e-05
9.95355e-05
9.95368e-05
9.95382e-05
9.95396e-05
9.9541e-05
9.95424e-05
9.95438e-05
9.95453e-05
9.95468e-05
9.95483e-05
9.95499e-05
9.95514e-05
9.9553e-05
9.95546e-05
9.95561e-05
9.95577e-05
9.95593e-05
9.95608e-05
9.95624e-05
9.95639e-05
9.95654e-05
9.95668e-05
9.95683e-05
9.95697e-05
9.9571e-05
9.95724e-05
9.95736e-05
9.95748e-05
9.9576e-05
9.95771e-05
9.95781e-05
9.95791e-05
9.958e-05
9.95809e-05
9.95817e-05
9.95825e-05
9.95832e-05
9.95838e-05
9.95844e-05
9.95849e-05
9.95854e-05
9.95859e-05
9.95863e-05
9.95867e-05
9.9587e-05
9.95873e-05
9.95876e-05
9.95878e-05
9.9588e-05
9.95882e-05
9.95884e-05
9.95885e-05
9.95887e-05
9.95888e-05
9.95889e-05
9.9589e-05
9.95891e-05
9.95891e-05
9.95892e-05
9.95892e-05
9.95893e-05
9.95893e-05
9.95893e-05
9.95894e-05
9.95894e-05
9.95894e-05
9.95894e-05
9.95895e-05
9.95895e-05
9.95895e-05
9.95895e-05
9.95895e-05
9.95895e-05
9.95895e-05
9.95895e-05
9.95895e-05
9.95895e-05
9.95895e-05
9.95895e-05
9.95895e-05
9.95895e-05
9.95895e-05
9.95895e-05
9.95895e-05
9.95895e-05
9.95895e-05
9.95896e-05
9.95896e-05
)
;

boundaryField
{
    zeroGradientPlanes
    {
        type            calculated;
        value           nonuniform List<scalar> 
160
(
2.54787e-08
-2.56661e-08
-7.46408e-09
2.96837e-08
-2.28094e-08
-7.39084e-09
1.19123e-08
6.5007e-09
-5.37784e-09
-7.56952e-09
-3.01933e-09
2.04704e-09
3.44715e-09
1.56815e-09
-1.2556e-09
-3.20934e-09
-4.40366e-09
-4.91846e-09
-5.17895e-09
-5.39899e-09
1.89489e-05
2.16669e-05
2.35949e-05
2.56807e-05
2.79508e-05
3.04217e-05
3.31109e-05
3.60378e-05
3.92235e-05
4.26908e-05
4.64646e-05
5.0572e-05
5.50425e-05
5.99082e-05
6.5204e-05
7.09679e-05
7.72414e-05
8.40694e-05
9.1501e-05
9.95896e-05
1.10612e-10
4.04172e-10
6.67175e-10
8.87713e-10
1.07276e-09
1.2301e-09
1.3635e-09
1.47289e-09
1.55687e-09
1.61409e-09
1.64465e-09
1.65023e-09
1.63403e-09
1.59988e-09
1.55183e-09
1.49353e-09
1.42817e-09
1.35832e-09
1.28608e-09
1.2148e-09
1.2576e-09
1.30885e-09
1.36113e-09
1.4145e-09
1.46882e-09
1.52392e-09
1.57968e-09
1.63596e-09
1.69266e-09
1.74966e-09
1.80686e-09
1.8641e-09
1.92117e-09
1.97782e-09
2.03375e-09
2.08864e-09
2.14215e-09
2.19392e-09
2.24356e-09
2.29067e-09
2.33482e-09
2.37554e-09
2.41236e-09
2.4448e-09
2.47241e-09
2.4947e-09
2.5112e-09
2.52147e-09
2.5251e-09
2.52172e-09
2.51101e-09
2.49274e-09
2.46674e-09
2.43294e-09
2.39139e-09
2.34223e-09
2.28572e-09
2.22224e-09
2.15229e-09
2.07646e-09
1.99544e-09
1.90997e-09
1.82089e-09
1.72903e-09
1.63525e-09
1.54042e-09
1.44535e-09
1.35084e-09
1.25762e-09
1.16634e-09
1.0776e-09
9.91895e-10
9.0965e-10
8.31204e-10
7.56813e-10
6.86658e-10
6.2085e-10
5.59433e-10
5.02395e-10
4.49674e-10
4.01165e-10
3.56728e-10
3.16196e-10
2.79377e-10
2.46067e-10
2.1605e-10
1.89104e-10
1.65005e-10
1.43533e-10
1.2447e-10
1.07607e-10
9.27427e-11
7.96865e-11
6.82582e-11
5.82897e-11
4.96255e-11
4.21217e-11
3.5646e-11
3.00789e-11
2.5311e-11
2.12462e-11
1.77935e-11
1.48828e-11
1.24338e-11
1.04092e-11
8.72044e-12
7.38994e-12
6.28046e-12
5.52095e-12
4.87328e-12
4.59987e-12
4.39746e-12
4.49484e-12
4.88901e-12
5.13445e-12
6.42869e-12
6.59249e-12
8.85781e-12
8.90614e-12
1.16565e-11
)
;
    }
    inlet
    {
        type            calculated;
        value           nonuniform List<scalar> 
20
(
-1.99006e-05
-2.16598e-05
-2.35745e-05
-2.56584e-05
-2.79266e-05
-3.03953e-05
-3.30822e-05
-3.60066e-05
-3.91895e-05
-4.26538e-05
-4.64243e-05
-5.05282e-05
-5.49948e-05
-5.98562e-05
-6.51474e-05
-7.09063e-05
-7.71743e-05
-8.39964e-05
-9.14216e-05
-9.95031e-05
)
;
    }
    plate
    {
        type            calculated;
        value           uniform 0;
    }
    frontAndBack
    {
        type            empty;
        value           nonuniform List<scalar> 0();
    }
}


// ************************************************************************* //
