/*--------------------------------*- C++ -*----------------------------------*\
| =========                 |                                                 |
| \\      /  F ield         | OpenFOAM: The Open Source CFD Toolbox           |
|  \\    /   O peration     | Version:  v2012                                 |
|   \\  /    A nd           | Website:  www.openfoam.com                      |
|    \\/     M anipulation  |                                                 |
\*---------------------------------------------------------------------------*/
FoamFile
{
    version     2.0;
    format      ascii;
    class       volVectorField;
    location    "0.1";
    object      U;
}
// * * * * * * * * * * * * * * * * * * * * * * * * * * * * * * * * * * * * * //

dimensions      [0 1 -1 0 0 0 0];


internalField   nonuniform List<vector> 
2400
(
(0.999053 -0.000269504 0)
(1.00175 0.000298433 0)
(0.99778 8.79873e-05 0)
(1.00231 -0.000391183 0)
(0.997948 0.000334379 0)
(1.00156 0.000108349 0)
(0.998599 -0.0001928 0)
(1.00111 -0.000120313 0)
(0.998618 0.00010613 0)
(1.00112 0.000166517 0)
(0.998712 7.30481e-05 0)
(1.00065 -4.76707e-05 0)
(0.998866 -9.14981e-05 0)
(1.00055 -4.38376e-05 0)
(0.998814 5.08791e-05 0)
(1.00018 0.00013438 0)
(0.998859 0.000200853 0)
(1.00007 0.000245905 0)
(0.998831 0.000282805 0)
(0.999806 0.000320988 0)
(0.999974 -0.000322884 0)
(0.999761 0.000342085 0)
(1.00011 0.000124739 0)
(1.00007 -0.000460929 0)
(0.999598 0.000407606 0)
(1.00016 0.000121887 0)
(1.00014 -0.000230758 0)
(0.999669 -8.63808e-05 0)
(0.99974 0.000131565 0)
(0.999986 0.000169656 0)
(0.999855 9.78737e-05 0)
(0.999759 -1.11814e-05 0)
(0.999767 -5.82902e-05 0)
(0.9997 1.91433e-06 0)
(0.999531 0.000129985 0)
(0.999487 0.000244251 0)
(0.99957 0.000336508 0)
(0.999619 0.000416485 0)
(0.999566 0.000492053 0)
(0.999516 0.000555637 0)
(0.999997 -0.00017723 0)
(0.999743 0.000133492 0)
(1.00012 0.000161299 0)
(1.00004 -0.000288884 0)
(0.999647 0.000204027 0)
(1.00011 0.000140744 0)
(1.00017 -0.000168491 0)
(0.999677 9.63464e-06 0)
(0.999736 9.69724e-05 0)
(0.999978 6.91205e-05 0)
(0.999881 8.73823e-05 0)
(0.999758 7.24937e-05 0)
(0.999777 3.90178e-05 0)
(0.999727 7.91838e-05 0)
(0.999581 0.000180447 0)
(0.999531 0.000272538 0)
(0.999625 0.000323792 0)
(0.999689 0.000369024 0)
(0.999634 0.000430775 0)
(0.999577 0.000478904 0)
(1 -0.000167743 0)
(0.999813 0.000105634 0)
(1.00003 0.000184658 0)
(1.00006 -0.000282765 0)
(0.999758 0.000178918 0)
(1.00001 0.000183218 0)
(1.00011 -0.000176094 0)
(0.999764 7.83707e-06 0)
(0.999773 0.000141706 0)
(0.999972 8.0183e-05 0)
(0.999865 9.12531e-05 0)
(0.999725 0.00011469 0)
(0.999777 9.07526e-05 0)
(0.999797 0.000114099 0)
(0.999681 0.000211337 0)
(0.999603 0.000309226 0)
(0.999657 0.000353576 0)
(0.999725 0.000373769 0)
(0.999687 0.000424278 0)
(0.999622 0.000484487 0)
(1.00001 -9.61364e-05 0)
(0.99985 2.84931e-05 0)
(1 0.000146901 0)
(1.00006 -0.000144506 0)
(0.999806 7.06811e-05 0)
(0.999964 0.000162382 0)
(1.0001 -8.39496e-05 0)
(0.999821 1.05603e-05 0)
(0.999764 0.000145469 0)
(0.999949 7.52212e-05 0)
(0.999902 7.24698e-05 0)
(0.999757 0.000152357 0)
(0.999777 0.000165216 0)
(0.999819 0.000158467 0)
(0.999742 0.00021731 0)
(0.999658 0.000304337 0)
(0.999688 0.000355735 0)
(0.999767 0.000374019 0)
(0.999766 0.000408082 0)
(0.999701 0.000469197 0)
(1.00001 -7.32507e-05 0)
(0.999898 5.09585e-06 0)
(0.999974 0.000134436 0)
(1.00004 -9.83358e-05 0)
(0.999878 3.29441e-05 0)
(0.999935 0.000166631 0)
(1.00005 -3.65802e-05 0)
(0.999879 -8.3578e-06 0)
(0.999803 0.000150167 0)
(0.999927 0.000118508 0)
(0.999914 8.27882e-05 0)
(0.999786 0.000152226 0)
(0.999779 0.000196847 0)
(0.999841 0.000196419 0)
(0.999815 0.000230907 0)
(0.999739 0.00030544 0)
(0.999731 0.000364461 0)
(0.999785 0.000387186 0)
(0.999809 0.000404511 0)
(0.999768 0.000447749 0)
(1.00001 -4.29865e-05 0)
(0.999928 -9.8512e-06 0)
(0.999964 9.24386e-05 0)
(1.00002 -2.9947e-05 0)
(0.999917 1.51908e-05 0)
(0.999923 0.000122667 0)
(1.00002 2.31793e-05 0)
(0.999923 1.81464e-05 0)
(0.999832 0.000132174 0)
(0.999901 0.00013584 0)
(0.999925 0.000105517 0)
(0.999843 0.00016052 0)
(0.99981 0.000222864 0)
(0.999848 0.000234061 0)
(0.999849 0.000247439 0)
(0.999799 0.00029837 0)
(0.999781 0.000355403 0)
(0.999817 0.000387166 0)
(0.999851 0.000402807 0)
(0.999837 0.000430826 0)
(1 -2.71787e-05 0)
(0.999954 -1.23413e-05 0)
(0.999964 7.02466e-05 0)
(1 3.15484e-06 0)
(0.999947 1.10045e-05 0)
(0.999932 0.000102368 0)
(0.999986 5.99228e-05 0)
(0.999942 3.4056e-05 0)
(0.999873 0.000115209 0)
(0.999903 0.000153342 0)
(0.99993 0.00013874 0)
(0.99988 0.000165681 0)
(0.99984 0.000218859 0)
(0.999862 0.000246693 0)
(0.999883 0.000263592 0)
(0.999864 0.000299887 0)
(0.999841 0.000345651 0)
(0.999849 0.000377814 0)
(0.999873 0.000396011 0)
(0.999881 0.000415626 0)
(1 -1.5448e-05 0)
(0.99997 -8.42371e-06 0)
(0.999968 4.82189e-05 0)
(0.999995 2.46866e-05 0)
(0.999965 2.36754e-05 0)
(0.999943 8.21661e-05 0)
(0.99997 7.67469e-05 0)
(0.999956 6.37138e-05 0)
(0.999909 0.000114951 0)
(0.999911 0.00015577 0)
(0.999931 0.000156894 0)
(0.999911 0.000175397 0)
(0.999885 0.000221315 0)
(0.999892 0.000257371 0)
(0.999908 0.000276046 0)
(0.9999 0.000298104 0)
(0.999885 0.000330363 0)
(0.99989 0.000362346 0)
(0.999912 0.000386516 0)
(0.999927 0.000405267 0)
(1 -8.13004e-06 0)
(0.999982 -3.13564e-06 0)
(0.999975 3.64938e-05 0)
(0.999989 3.54314e-05 0)
(0.999975 3.40142e-05 0)
(0.999956 7.24763e-05 0)
(0.999967 8.66641e-05 0)
(0.999963 8.49363e-05 0)
(0.999935 0.000115692 0)
(0.999929 0.000153458 0)
(0.999942 0.000170532 0)
(0.999938 0.000188912 0)
(0.999922 0.000221729 0)
(0.999919 0.000252954 0)
(0.99993 0.000274379 0)
(0.999936 0.000295467 0)
(0.999935 0.000323116 0)
(0.999938 0.000350944 0)
(0.999947 0.000372529 0)
(0.999958 0.000388694 0)
(1 -3.47381e-06 0)
(0.999989 2.78106e-06 0)
(0.999981 3.02237e-05 0)
(0.999987 3.99529e-05 0)
(0.999981 4.4178e-05 0)
(0.999969 7.01315e-05 0)
(0.999971 8.97334e-05 0)
(0.99997 9.80601e-05 0)
(0.999957 0.000121213 0)
(0.999951 0.000153271 0)
(0.999957 0.000175769 0)
(0.999958 0.000194245 0)
(0.999952 0.000219476 0)
(0.999952 0.000247504 0)
(0.999961 0.000271337 0)
(0.999969 0.000291703 0)
(0.999971 0.000312258 0)
(0.999974 0.000332871 0)
(0.999982 0.000351759 0)
(0.999993 0.000368266 0)
(1 -5.12809e-07 0)
(0.999993 7.50379e-06 0)
(0.999987 2.78906e-05 0)
(0.999989 4.2088e-05 0)
(0.999986 5.11753e-05 0)
(0.999979 7.06317e-05 0)
(0.999979 9.09215e-05 0)
(0.99998 0.000105737 0)
(0.999975 0.000125853 0)
(0.999971 0.000151916 0)
(0.999975 0.000175 0)
(0.999979 0.000195038 0)
(0.99998 0.000217262 0)
(0.999983 0.000240888 0)
(0.999989 0.000262013 0)
(0.999997 0.000280172 0)
(1 0.000297636 0)
(1.00001 0.000315348 0)
(1.00002 0.000332109 0)
(1.00003 0.000346845 0)
(1 1.34234e-06 0)
(0.999996 1.10178e-05 0)
(0.999992 2.77248e-05 0)
(0.999992 4.29712e-05 0)
(0.999991 5.51687e-05 0)
(0.999989 7.19324e-05 0)
(0.999988 9.10239e-05 0)
(0.99999 0.000108296 0)
(0.99999 0.00012729 0)
(0.999991 0.000149534 0)
(0.999995 0.000171382 0)
(1 0.000191245 0)
(1 0.000210773 0)
(1.00001 0.000230425 0)
(1.00002 0.000248981 0)
(1.00003 0.000265798 0)
(1.00003 0.000281335 0)
(1.00004 0.000295975 0)
(1.00005 0.000309518 0)
(1.00006 0.000321772 0)
(1 2.52769e-06 0)
(0.999998 1.33894e-05 0)
(0.999996 2.8174e-05 0)
(0.999996 4.31105e-05 0)
(0.999997 5.66915e-05 0)
(0.999997 7.2178e-05 0)
(0.999998 8.9678e-05 0)
(1 0.00010717 0)
(1 0.000125352 0)
(1.00001 0.00014495 0)
(1.00001 0.000164559 0)
(1.00002 0.000182942 0)
(1.00003 0.000200439 0)
(1.00003 0.000217402 0)
(1.00004 0.000233416 0)
(1.00005 0.000248018 0)
(1.00006 0.000261273 0)
(1.00007 0.000273502 0)
(1.00008 0.000284835 0)
(1.00009 0.000295218 0)
(1 3.29767e-06 0)
(0.999999 1.47e-05 0)
(0.999999 2.83208e-05 0)
(1 4.24016e-05 0)
(1 5.60305e-05 0)
(1 7.0539e-05 0)
(1.00001 8.64494e-05 0)
(1.00001 0.000102955 0)
(1.00002 0.000119871 0)
(1.00002 0.000137281 0)
(1.00003 0.000154578 0)
(1.00004 0.000171038 0)
(1.00005 0.000186512 0)
(1.00006 0.000201065 0)
(1.00006 0.000214611 0)
(1.00007 0.000227019 0)
(1.00008 0.000238308 0)
(1.00009 0.000248604 0)
(1.0001 0.000257992 0)
(1.00011 0.000266502 0)
(1 3.68773e-06 0)
(1 1.50078e-05 0)
(1 2.75932e-05 0)
(1 4.05089e-05 0)
(1.00001 5.33359e-05 0)
(1.00001 6.66648e-05 0)
(1.00002 8.0918e-05 0)
(1.00002 9.58115e-05 0)
(1.00003 0.000111013 0)
(1.00004 0.000126308 0)
(1.00005 0.000141315 0)
(1.00006 0.000155593 0)
(1.00007 0.000168929 0)
(1.00007 0.000181291 0)
(1.00008 0.000192675 0)
(1.00009 0.00020306 0)
(1.0001 0.000212465 0)
(1.00011 0.00022096 0)
(1.00012 0.000228632 0)
(1.00013 0.000235552 0)
(1 3.72513e-06 0)
(1 1.43266e-05 0)
(1 2.56434e-05 0)
(1.00001 3.70758e-05 0)
(1.00001 4.85036e-05 0)
(1.00002 6.02693e-05 0)
(1.00003 7.26661e-05 0)
(1.00003 8.55734e-05 0)
(1.00004 9.86948e-05 0)
(1.00005 0.000111729 0)
(1.00006 0.000124376 0)
(1.00007 0.000136352 0)
(1.00008 0.000147488 0)
(1.00009 0.000157727 0)
(1.0001 0.00016707 0)
(1.00011 0.00017554 0)
(1.00012 0.00018318 0)
(1.00013 0.000190053 0)
(1.00014 0.000196232 0)
(1.00015 0.000201783 0)
(1 3.47097e-06 0)
(1 1.27728e-05 0)
(1.00001 2.24003e-05 0)
(1.00001 3.19433e-05 0)
(1.00002 4.14209e-05 0)
(1.00002 5.10937e-05 0)
(1.00003 6.11645e-05 0)
(1.00004 7.157e-05 0)
(1.00005 8.2085e-05 0)
(1.00006 9.24412e-05 0)
(1.00007 0.000102403 0)
(1.00008 0.000111776 0)
(1.00009 0.000120445 0)
(1.00011 0.000128363 0)
(1.00012 0.000135538 0)
(1.00013 0.000142001 0)
(1.00014 0.000147797 0)
(1.00015 0.000152983 0)
(1.00016 0.000157618 0)
(1.00017 0.000161761 0)
(1 3.05171e-06 0)
(1 1.09514e-05 0)
(1.00001 1.90696e-05 0)
(1.00001 2.71322e-05 0)
(1.00002 3.5202e-05 0)
(1.00003 4.34511e-05 0)
(1.00004 5.19792e-05 0)
(1.00005 6.0726e-05 0)
(1.00006 6.95201e-05 0)
(1.00007 7.81429e-05 0)
(1.00008 8.63947e-05 0)
(1.00009 9.41217e-05 0)
(1.0001 0.000101237 0)
(1.00012 0.000107712 0)
(1.00013 0.000113559 0)
(1.00014 0.000118812 0)
(1.00015 0.000123517 0)
(1.00016 0.000127723 0)
(1.00017 0.000131479 0)
(1.00018 0.000134834 0)
(1 1.40834e-06 0)
(1 5.04729e-06 0)
(1.00001 8.83548e-06 0)
(1.00002 1.2658e-05 0)
(1.00002 1.6549e-05 0)
(1.00003 2.05648e-05 0)
(1.00004 2.47236e-05 0)
(1.00005 2.89841e-05 0)
(1.00007 3.32659e-05 0)
(1.00008 3.74631e-05 0)
(1.00009 4.14779e-05 0)
(1.0001 4.52343e-05 0)
(1.00012 4.86924e-05 0)
(1.00013 5.18392e-05 0)
(1.00014 5.46838e-05 0)
(1.00015 5.72449e-05 0)
(1.00016 5.95468e-05 0)
(1.00017 6.1614e-05 0)
(1.00018 6.3471e-05 0)
(1.00019 6.51396e-05 0)
(0.998765 0.000375266 0)
(0.997757 0.000454624 0)
(0.996798 0.00055157 0)
(0.995815 0.000651912 0)
(0.994814 0.000731501 0)
(0.993916 0.000780695 0)
(0.993004 0.000801561 0)
(0.991914 0.000799752 0)
(0.990788 0.000776658 0)
(0.989719 0.00074665 0)
(0.988589 0.000739005 0)
(0.98738 0.00076295 0)
(0.986171 0.000791556 0)
(0.984964 0.000805025 0)
(0.983746 0.000810927 0)
(0.98252 0.000808286 0)
(0.981277 0.000794755 0)
(0.980015 0.000789495 0)
(0.978715 0.000804412 0)
(0.977351 0.000820991 0)
(0.975965 0.00081703 0)
(0.974615 0.000800618 0)
(0.973274 0.0007983 0)
(0.971871 0.000817413 0)
(0.970397 0.000835085 0)
(0.968899 0.000826498 0)
(0.967425 0.000796179 0)
(0.965981 0.000775716 0)
(0.964527 0.000791933 0)
(0.962998 0.000839531 0)
(0.961359 0.000882967 0)
(0.959649 0.000881907 0)
(0.957972 0.000816489 0)
(0.956457 0.000695023 0)
(0.955196 0.000544356 0)
(0.954229 0.000394187 0)
(0.953539 0.000265703 0)
(0.953077 0.00016808 0)
(0.952783 0.000100806 0)
(0.952602 5.81192e-05 0)
(0.952492 3.28648e-05 0)
(0.952423 1.87562e-05 0)
(0.952379 1.11935e-05 0)
(0.952347 7.21203e-06 0)
(0.952324 5.08253e-06 0)
(0.952305 3.87705e-06 0)
(0.952289 3.12807e-06 0)
(0.952276 2.61051e-06 0)
(0.952265 2.21907e-06 0)
(0.952255 1.90442e-06 0)
(0.952246 1.64246e-06 0)
(0.952238 1.42021e-06 0)
(0.952232 1.22975e-06 0)
(0.952226 1.06557e-06 0)
(0.952221 9.23554e-07 0)
(0.952216 8.00407e-07 0)
(0.952212 6.93465e-07 0)
(0.952209 6.00503e-07 0)
(0.952206 5.19616e-07 0)
(0.952203 4.49229e-07 0)
(0.952201 3.87931e-07 0)
(0.952199 3.34583e-07 0)
(0.952197 2.88171e-07 0)
(0.952195 2.47826e-07 0)
(0.952194 2.12772e-07 0)
(0.952193 1.8236e-07 0)
(0.952192 1.56015e-07 0)
(0.952191 1.33168e-07 0)
(0.95219 1.13491e-07 0)
(0.952189 9.64677e-08 0)
(0.952189 8.1824e-08 0)
(0.952188 6.92703e-08 0)
(0.952188 5.84412e-08 0)
(0.952187 4.92662e-08 0)
(0.952187 4.13345e-08 0)
(0.952187 3.47189e-08 0)
(0.952186 2.8882e-08 0)
(0.952186 2.44092e-08 0)
(0.952186 1.96466e-08 0)
(0.952186 1.7649e-08 0)
(0.952186 1.20635e-08 0)
(0.952186 1.47882e-08 0)
(0.952186 3.25249e-09 0)
(0.952185 1.87427e-08 0)
(0.952186 -1.22556e-08 0)
(0.952184 3.38726e-08 0)
(0.952188 -3.75853e-08 0)
(0.952181 5.92312e-08 0)
(0.952193 -6.20295e-08 0)
(0.952174 6.5692e-08 0)
(0.952202 -3.43293e-08 0)
(0.952162 -1.2273e-08 0)
(0.952216 9.90497e-08 0)
(0.952147 -1.53536e-07 0)
(0.952227 1.97043e-07 0)
(0.952138 -9.67734e-08 0)
(0.952223 5.24775e-08 0)
(0.952132 2.09762e-07 0)
(0.952197 -2.76746e-08 0)
(0.952093 7.06664e-07 0)
(0.999509 0.000637967 0)
(0.999526 0.000746305 0)
(0.999547 0.0008696 0)
(0.999524 0.00100422 0)
(0.999526 0.00110913 0)
(0.999675 0.00116154 0)
(0.99984 0.00117565 0)
(0.99989 0.00116121 0)
(0.999952 0.00111853 0)
(1.00006 0.00106814 0)
(1.00008 0.00104846 0)
(1.00003 0.00107531 0)
(1.00002 0.00111486 0)
(1.00003 0.00113429 0)
(1.00006 0.00113887 0)
(1.0001 0.00113008 0)
(1.00015 0.00110603 0)
(1.00019 0.00109182 0)
(1.00019 0.001107 0)
(1.00017 0.00112917 0)
(1.00017 0.00112613 0)
(1.0002 0.00110354 0)
(1.00023 0.00109342 0)
(1.00023 0.00110872 0)
(1.00023 0.00112757 0)
(1.00024 0.00112132 0)
(1.00027 0.00108906 0)
(1.00027 0.0010604 0)
(1.00025 0.00106572 0)
(1.00026 0.00110478 0)
(1.0003 0.00114271 0)
(1.00037 0.0011342 0)
(1.00046 0.00105297 0)
(1.00056 0.000904568 0)
(1.00063 0.000718378 0)
(1.00068 0.000529919 0)
(1.00069 0.000366179 0)
(1.00068 0.000239907 0)
(1.00066 0.00015152 0)
(1.00063 9.43339e-05 0)
(1.0006 5.95128e-05 0)
(1.00056 3.91271e-05 0)
(1.00053 2.73314e-05 0)
(1.0005 2.03509e-05 0)
(1.00048 1.59787e-05 0)
(1.00046 1.3019e-05 0)
(1.00044 1.08552e-05 0)
(1.00043 9.17502e-06 0)
(1.00042 7.81754e-06 0)
(1.0004 6.69416e-06 0)
(1.00039 5.75112e-06 0)
(1.00039 4.95229e-06 0)
(1.00038 4.27136e-06 0)
(1.00037 3.68812e-06 0)
(1.00037 3.18674e-06 0)
(1.00036 2.75442e-06 0)
(1.00036 2.38084e-06 0)
(1.00035 2.05743e-06 0)
(1.00035 1.77705e-06 0)
(1.00035 1.53382e-06 0)
(1.00034 1.32263e-06 0)
(1.00034 1.13927e-06 0)
(1.00034 9.80107e-07 0)
(1.00034 8.41973e-07 0)
(1.00034 7.22213e-07 0)
(1.00034 6.18424e-07 0)
(1.00033 5.28613e-07 0)
(1.00033 4.50939e-07 0)
(1.00033 3.83936e-07 0)
(1.00033 3.26198e-07 0)
(1.00033 2.76491e-07 0)
(1.00033 2.33896e-07 0)
(1.00033 1.97298e-07 0)
(1.00033 1.6613e-07 0)
(1.00033 1.39441e-07 0)
(1.00033 1.16883e-07 0)
(1.00033 9.74671e-08 0)
(1.00033 8.17118e-08 0)
(1.00033 6.69595e-08 0)
(1.00033 5.75236e-08 0)
(1.00033 4.39677e-08 0)
(1.00033 4.31363e-08 0)
(1.00033 2.34745e-08 0)
(1.00033 4.05734e-08 0)
(1.00033 -1.29544e-09 0)
(1.00033 5.38998e-08 0)
(1.00033 -3.46439e-08 0)
(1.00032 8.09429e-08 0)
(1.00034 -6.33873e-08 0)
(1.00031 8.29729e-08 0)
(1.00035 -2.16975e-08 0)
(1.0003 -2.0008e-08 0)
(1.00036 1.50082e-07 0)
(1.00029 -1.88346e-07 0)
(1.00037 2.71421e-07 0)
(1.00028 -7.31307e-08 0)
(1.00036 8.78459e-08 0)
(1.00028 3.80648e-07 0)
(1.00034 3.52864e-08 0)
(1.00024 1.12235e-06 0)
(0.999573 0.000520701 0)
(0.999589 0.000574753 0)
(0.999617 0.000627134 0)
(0.999593 0.000702446 0)
(0.999565 0.000784908 0)
(0.999686 0.000817004 0)
(0.999842 0.000825548 0)
(0.999884 0.000839625 0)
(0.999948 0.000826999 0)
(1.00008 0.000792904 0)
(1.00013 0.000778293 0)
(1.00011 0.00079137 0)
(1.00012 0.000816894 0)
(1.00014 0.000840729 0)
(1.00017 0.000854461 0)
(1.00023 0.000854559 0)
(1.0003 0.00084123 0)
(1.00037 0.000827793 0)
(1.00041 0.000833859 0)
(1.00041 0.000852906 0)
(1.00042 0.000858494 0)
(1.00049 0.000847555 0)
(1.00056 0.000842213 0)
(1.00059 0.000851052 0)
(1.00063 0.000857984 0)
(1.00068 0.00084932 0)
(1.00075 0.000832165 0)
(1.00079 0.000823937 0)
(1.00083 0.000832618 0)
(1.00088 0.00084802 0)
(1.00098 0.000847915 0)
(1.0011 0.000812121 0)
(1.00122 0.00073424 0)
(1.00133 0.000623845 0)
(1.00139 0.000499751 0)
(1.00141 0.000380698 0)
(1.00138 0.000279179 0)
(1.00134 0.000200051 0)
(1.00128 0.000142382 0)
(1.00122 0.000102245 0)
(1.00117 7.50028e-05 0)
(1.00112 5.65917e-05 0)
(1.00108 4.39677e-05 0)
(1.00105 3.50644e-05 0)
(1.00102 2.85616e-05 0)
(1.001 2.3642e-05 0)
(1.00098 1.98032e-05 0)
(1.00097 1.67322e-05 0)
(1.00096 1.42279e-05 0)
(1.00094 1.21559e-05 0)
(1.00093 1.04223e-05 0)
(1.00093 8.95952e-06 0)
(1.00092 7.71682e-06 0)
(1.00091 6.65543e-06 0)
(1.00091 5.74508e-06 0)
(1.0009 4.96162e-06 0)
(1.0009 4.28562e-06 0)
(1.00089 3.7011e-06 0)
(1.00089 3.19496e-06 0)
(1.00088 2.75624e-06 0)
(1.00088 2.3757e-06 0)
(1.00088 2.04554e-06 0)
(1.00088 1.75911e-06 0)
(1.00088 1.51068e-06 0)
(1.00087 1.29542e-06 0)
(1.00087 1.10891e-06 0)
(1.00087 9.47602e-07 0)
(1.00087 8.08219e-07 0)
(1.00087 6.87883e-07 0)
(1.00087 5.8437e-07 0)
(1.00087 4.95193e-07 0)
(1.00087 4.18787e-07 0)
(1.00087 3.53274e-07 0)
(1.00087 2.97303e-07 0)
(1.00087 2.49617e-07 0)
(1.00087 2.09028e-07 0)
(1.00087 1.74539e-07 0)
(1.00087 1.45707e-07 0)
(1.00087 1.20584e-07 0)
(1.00087 1.01127e-07 0)
(1.00087 8.18106e-08 0)
(1.00087 7.12275e-08 0)
(1.00087 5.28041e-08 0)
(1.00086 5.41642e-08 0)
(1.00087 2.8667e-08 0)
(1.00086 5.009e-08 0)
(1.00087 4.93924e-09 0)
(1.00086 5.51042e-08 0)
(1.00087 -1.00637e-08 0)
(1.00085 4.59842e-08 0)
(1.00088 2.14263e-08 0)
(1.00084 -1.55264e-08 0)
(1.0009 1.20155e-07 0)
(1.00082 -8.78193e-08 0)
(1.00091 1.76206e-07 0)
(1.00082 5.40011e-08 0)
(1.0009 5.4954e-08 0)
(1.00081 4.20974e-07 0)
(1.00088 1.29642e-07 0)
(1.00078 9.02998e-07 0)
(0.999623 0.000522981 0)
(0.999652 0.000573254 0)
(0.999695 0.00062236 0)
(0.999705 0.000680098 0)
(0.999663 0.000777604 0)
(0.999734 0.000838422 0)
(0.999886 0.000852741 0)
(0.999924 0.000892292 0)
(0.999946 0.000920554 0)
(1.00006 0.00090156 0)
(1.00013 0.000886655 0)
(1.00014 0.000894252 0)
(1.00015 0.000909843 0)
(1.00017 0.000933579 0)
(1.00019 0.000955187 0)
(1.00023 0.00096703 0)
(1.00029 0.000968912 0)
(1.00036 0.000955656 0)
(1.00042 0.000944744 0)
(1.00043 0.000958615 0)
(1.00043 0.000978645 0)
(1.00048 0.000976353 0)
(1.00056 0.000963013 0)
(1.00061 0.000962639 0)
(1.00064 0.000970604 0)
(1.00068 0.000968715 0)
(1.00074 0.000954946 0)
(1.00079 0.000941642 0)
(1.00084 0.000937701 0)
(1.00091 0.000939683 0)
(1.00099 0.00093389 0)
(1.00109 0.0009039 0)
(1.00118 0.000839486 0)
(1.00125 0.000742033 0)
(1.00129 0.000623294 0)
(1.0013 0.000499393 0)
(1.00129 0.000384558 0)
(1.00126 0.000287612 0)
(1.00122 0.000211566 0)
(1.00118 0.000155153 0)
(1.00114 0.00011488 0)
(1.00111 8.67097e-05 0)
(1.00107 6.70519e-05 0)
(1.00105 5.31421e-05 0)
(1.00102 4.30426e-05 0)
(1.001 3.54758e-05 0)
(1.00099 2.96277e-05 0)
(1.00097 2.49845e-05 0)
(1.00096 2.12178e-05 0)
(1.00095 1.81116e-05 0)
(1.00094 1.55185e-05 0)
(1.00093 1.33335e-05 0)
(1.00092 1.14791e-05 0)
(1.00091 9.89666e-06 0)
(1.00091 8.54025e-06 0)
(1.0009 7.37353e-06 0)
(1.0009 6.36729e-06 0)
(1.00089 5.49758e-06 0)
(1.00089 4.74484e-06 0)
(1.00089 4.09253e-06 0)
(1.00089 3.52693e-06 0)
(1.00088 3.03633e-06 0)
(1.00088 2.61075e-06 0)
(1.00088 2.24179e-06 0)
(1.00088 1.9221e-06 0)
(1.00088 1.64517e-06 0)
(1.00088 1.40572e-06 0)
(1.00087 1.19883e-06 0)
(1.00087 1.02021e-06 0)
(1.00087 8.66632e-07 0)
(1.00087 7.3431e-07 0)
(1.00087 6.2093e-07 0)
(1.00087 5.23801e-07 0)
(1.00087 4.40719e-07 0)
(1.00087 3.70012e-07 0)
(1.00087 3.09803e-07 0)
(1.00087 2.58705e-07 0)
(1.00087 2.15813e-07 0)
(1.00087 1.78911e-07 0)
(1.00087 1.49395e-07 0)
(1.00087 1.21978e-07 0)
(1.00087 1.04145e-07 0)
(1.00087 8.04392e-08 0)
(1.00087 7.66654e-08 0)
(1.00087 4.74624e-08 0)
(1.00087 6.51138e-08 0)
(1.00087 1.89503e-08 0)
(1.00086 6.28269e-08 0)
(1.00088 5.60876e-09 0)
(1.00086 4.67537e-08 0)
(1.00089 4.08538e-08 0)
(1.00084 -1.54152e-08 0)
(1.0009 1.36157e-07 0)
(1.00083 -6.17303e-08 0)
(1.00091 1.66124e-07 0)
(1.00082 1.22581e-07 0)
(1.00091 3.98849e-08 0)
(1.00082 5.08333e-07 0)
(1.00088 1.7882e-07 0)
(1.00078 9.00694e-07 0)
(0.999686 0.000516485 0)
(0.999713 0.000558028 0)
(0.999747 0.000602151 0)
(0.99978 0.000637233 0)
(0.999754 0.000706295 0)
(0.999775 0.000772842 0)
(0.999903 0.000779586 0)
(0.999962 0.00079543 0)
(0.99996 0.000832894 0)
(1.00004 0.000829518 0)
(1.00012 0.000810692 0)
(1.00014 0.000810148 0)
(1.00016 0.000813321 0)
(1.00018 0.000823349 0)
(1.0002 0.000839673 0)
(1.00024 0.000851495 0)
(1.00029 0.000859479 0)
(1.00034 0.000853473 0)
(1.00041 0.000833168 0)
(1.00044 0.000829267 0)
(1.00044 0.000847633 0)
(1.00047 0.00085492 0)
(1.00054 0.000841843 0)
(1.0006 0.000831601 0)
(1.00063 0.000831759 0)
(1.00067 0.000828509 0)
(1.00073 0.000816524 0)
(1.00078 0.000803654 0)
(1.00083 0.000794335 0)
(1.00088 0.000783359 0)
(1.00095 0.000761665 0)
(1.00103 0.00072213 0)
(1.00111 0.00066236 0)
(1.00118 0.000585606 0)
(1.00122 0.000499471 0)
(1.00124 0.000412851 0)
(1.00124 0.000333036 0)
(1.00122 0.000264328 0)
(1.00119 0.00020813 0)
(1.00116 0.000163792 0)
(1.00113 0.000129587 0)
(1.00109 0.00010348 0)
(1.00107 8.35673e-05 0)
(1.00104 6.82781e-05 0)
(1.00102 5.64011e-05 0)
(1.001 4.70427e-05 0)
(1.00098 3.95583e-05 0)
(1.00097 3.34876e-05 0)
(1.00096 2.85006e-05 0)
(1.00094 2.4359e-05 0)
(1.00093 2.08876e-05 0)
(1.00093 1.79559e-05 0)
(1.00092 1.54644e-05 0)
(1.00091 1.33363e-05 0)
(1.00091 1.15109e-05 0)
(1.0009 9.94e-06 0)
(1.0009 8.58467e-06 0)
(1.00089 7.41293e-06 0)
(1.00089 6.3985e-06 0)
(1.00089 5.51925e-06 0)
(1.00089 4.75671e-06 0)
(1.00088 4.09521e-06 0)
(1.00088 3.52133e-06 0)
(1.00088 3.02375e-06 0)
(1.00088 2.59258e-06 0)
(1.00088 2.2191e-06 0)
(1.00088 1.89609e-06 0)
(1.00087 1.61704e-06 0)
(1.00087 1.3761e-06 0)
(1.00087 1.1689e-06 0)
(1.00087 9.90465e-07 0)
(1.00087 8.37463e-07 0)
(1.00087 7.06482e-07 0)
(1.00087 5.94385e-07 0)
(1.00087 4.99008e-07 0)
(1.00087 4.17805e-07 0)
(1.00087 3.48925e-07 0)
(1.00087 2.90915e-07 0)
(1.00087 2.41491e-07 0)
(1.00087 2.00965e-07 0)
(1.00087 1.65321e-07 0)
(1.00087 1.38771e-07 0)
(1.00087 1.11391e-07 0)
(1.00087 9.80513e-08 0)
(1.00087 7.26648e-08 0)
(1.00087 7.3996e-08 0)
(1.00087 4.5826e-08 0)
(1.00086 6.03861e-08 0)
(1.00088 3.60086e-08 0)
(1.00086 4.27572e-08 0)
(1.00089 5.95859e-08 0)
(1.00084 6.47381e-09 0)
(1.0009 1.19133e-07 0)
(1.00083 3.81788e-09 0)
(1.00091 1.35343e-07 0)
(1.00082 1.82307e-07 0)
(1.00091 7.97476e-08 0)
(1.00082 5.14506e-07 0)
(1.00088 2.59373e-07 0)
(1.00078 8.53496e-07 0)
(0.999745 0.000496137 0)
(0.999768 0.000530474 0)
(0.999801 0.00056851 0)
(0.999842 0.000599516 0)
(0.999839 0.000641012 0)
(0.999829 0.000701696 0)
(0.999914 0.000723636 0)
(0.99999 0.000727269 0)
(0.999989 0.000759893 0)
(1.00003 0.000776425 0)
(1.00011 0.000766187 0)
(1.00014 0.000768158 0)
(1.00017 0.000776969 0)
(1.0002 0.00078477 0)
(1.00022 0.000799532 0)
(1.00026 0.000813572 0)
(1.00029 0.0008242 0)
(1.00034 0.000829938 0)
(1.0004 0.000820828 0)
(1.00045 0.000812062 0)
(1.00046 0.000823592 0)
(1.00048 0.000838067 0)
(1.00054 0.000834018 0)
(1.0006 0.000823014 0)
(1.00064 0.000820655 0)
(1.00067 0.000820596 0)
(1.00072 0.000813196 0)
(1.00077 0.000801151 0)
(1.00082 0.000789774 0)
(1.00088 0.000777405 0)
(1.00094 0.00075788 0)
(1.00101 0.000725443 0)
(1.00107 0.000676908 0)
(1.00112 0.000612721 0)
(1.00115 0.00053717 0)
(1.00117 0.000456955 0)
(1.00117 0.000378895 0)
(1.00116 0.000308163 0)
(1.00114 0.000247613 0)
(1.00112 0.000197977 0)
(1.0011 0.000158508 0)
(1.00107 0.000127686 0)
(1.00105 0.000103788 0)
(1.00103 8.52227e-05 0)
(1.00101 7.06765e-05 0)
(1.00099 5.91389e-05 0)
(1.00098 4.98615e-05 0)
(1.00096 4.23013e-05 0)
(1.00095 3.60659e-05 0)
(1.00094 3.08695e-05 0)
(1.00093 2.65016e-05 0)
(1.00092 2.28037e-05 0)
(1.00092 1.96549e-05 0)
(1.00091 1.69608e-05 0)
(1.00091 1.4647e-05 0)
(1.0009 1.26537e-05 0)
(1.0009 1.09323e-05 0)
(1.00089 9.44307e-06 0)
(1.00089 8.15287e-06 0)
(1.00089 7.0341e-06 0)
(1.00088 6.06331e-06 0)
(1.00088 5.22092e-06 0)
(1.00088 4.48994e-06 0)
(1.00088 3.85587e-06 0)
(1.00088 3.30637e-06 0)
(1.00088 2.83028e-06 0)
(1.00088 2.41838e-06 0)
(1.00087 2.06262e-06 0)
(1.00087 1.75539e-06 0)
(1.00087 1.49106e-06 0)
(1.00087 1.26356e-06 0)
(1.00087 1.06832e-06 0)
(1.00087 9.01252e-07 0)
(1.00087 7.58281e-07 0)
(1.00087 6.36575e-07 0)
(1.00087 5.33003e-07 0)
(1.00087 4.45142e-07 0)
(1.00087 3.71036e-07 0)
(1.00087 3.08173e-07 0)
(1.00087 2.56101e-07 0)
(1.00087 2.113e-07 0)
(1.00087 1.7623e-07 0)
(1.00087 1.43358e-07 0)
(1.00087 1.22853e-07 0)
(1.00087 9.59285e-08 0)
(1.00087 8.95958e-08 0)
(1.00087 6.44992e-08 0)
(1.00086 6.92068e-08 0)
(1.00088 5.24844e-08 0)
(1.00086 4.83451e-08 0)
(1.00089 7.25272e-08 0)
(1.00084 2.13836e-08 0)
(1.0009 1.17563e-07 0)
(1.00083 4.34753e-08 0)
(1.00091 1.22117e-07 0)
(1.00082 2.29364e-07 0)
(1.00091 1.02125e-07 0)
(1.00082 5.16187e-07 0)
(1.00088 3.20886e-07 0)
(1.00078 8.08145e-07 0)
(0.999811 0.00047361 0)
(0.99982 0.000507964 0)
(0.999847 0.000540956 0)
(0.999883 0.000568648 0)
(0.999897 0.00059169 0)
(0.99989 0.000637661 0)
(0.999938 0.000673265 0)
(1.00001 0.00067778 0)
(1.00003 0.000697896 0)
(1.00005 0.000724786 0)
(1.00011 0.00072773 0)
(1.00015 0.000730466 0)
(1.00018 0.00074105 0)
(1.00021 0.000747964 0)
(1.00024 0.000758591 0)
(1.00027 0.000770724 0)
(1.0003 0.000778215 0)
(1.00034 0.000785934 0)
(1.00039 0.000786724 0)
(1.00044 0.000777752 0)
(1.00047 0.000777296 0)
(1.00049 0.000787996 0)
(1.00053 0.000790067 0)
(1.00059 0.000779944 0)
(1.00063 0.000771339 0)
(1.00067 0.000766972 0)
(1.00071 0.000758989 0)
(1.00076 0.000745222 0)
(1.00081 0.000728583 0)
(1.00085 0.000708646 0)
(1.0009 0.000681643 0)
(1.00096 0.000644741 0)
(1.00101 0.000597529 0)
(1.00105 0.000541554 0)
(1.00109 0.000479892 0)
(1.00111 0.000416504 0)
(1.00112 0.000355219 0)
(1.00111 0.000298925 0)
(1.0011 0.00024929 0)
(1.00109 0.000206878 0)
(1.00107 0.000171455 0)
(1.00105 0.00014231 0)
(1.00103 0.000118527 0)
(1.00101 9.9174e-05 0)
(1.001 8.34027e-05 0)
(1.00098 7.04938e-05 0)
(1.00097 5.98627e-05 0)
(1.00096 5.10463e-05 0)
(1.00095 4.36828e-05 0)
(1.00094 3.74912e-05 0)
(1.00093 3.22531e-05 0)
(1.00092 2.77975e-05 0)
(1.00092 2.39899e-05 0)
(1.00091 2.07233e-05 0)
(1.0009 1.79116e-05 0)
(1.0009 1.54851e-05 0)
(1.0009 1.33866e-05 0)
(1.00089 1.15689e-05 0)
(1.00089 9.99253e-06 0)
(1.00089 8.62448e-06 0)
(1.00088 7.43653e-06 0)
(1.00088 6.4051e-06 0)
(1.00088 5.50962e-06 0)
(1.00088 4.73244e-06 0)
(1.00088 4.05867e-06 0)
(1.00088 3.47477e-06 0)
(1.00087 2.96941e-06 0)
(1.00087 2.53287e-06 0)
(1.00087 2.15582e-06 0)
(1.00087 1.83124e-06 0)
(1.00087 1.552e-06 0)
(1.00087 1.31222e-06 0)
(1.00087 1.10703e-06 0)
(1.00087 9.31495e-07 0)
(1.00087 7.81958e-07 0)
(1.00087 6.54754e-07 0)
(1.00087 5.46845e-07 0)
(1.00087 4.5573e-07 0)
(1.00087 3.78662e-07 0)
(1.00087 3.14411e-07 0)
(1.00087 2.59888e-07 0)
(1.00087 2.15842e-07 0)
(1.00087 1.77137e-07 0)
(1.00087 1.49041e-07 0)
(1.00087 1.20658e-07 0)
(1.00087 1.05729e-07 0)
(1.00087 8.47651e-08 0)
(1.00086 7.82601e-08 0)
(1.00088 6.98336e-08 0)
(1.00086 5.76777e-08 0)
(1.00089 8.17071e-08 0)
(1.00084 4.41418e-08 0)
(1.0009 1.12878e-07 0)
(1.00083 8.33039e-08 0)
(1.00091 1.22833e-07 0)
(1.00082 2.5525e-07 0)
(1.00091 1.41648e-07 0)
(1.00082 5.09775e-07 0)
(1.00088 3.66987e-07 0)
(1.00078 7.68105e-07 0)
(0.99987 0.000448248 0)
(0.999876 0.000481555 0)
(0.999897 0.000509389 0)
(0.99992 0.000533951 0)
(0.999944 0.000554636 0)
(0.999952 0.000587652 0)
(0.999975 0.000621816 0)
(1.00002 0.000633088 0)
(1.00006 0.0006459 0)
(1.00007 0.000670978 0)
(1.00012 0.000683169 0)
(1.00016 0.000687575 0)
(1.00019 0.000697534 0)
(1.00022 0.00070558 0)
(1.00025 0.000713245 0)
(1.00028 0.000722376 0)
(1.00031 0.000728108 0)
(1.00035 0.000734593 0)
(1.00039 0.000739722 0)
(1.00043 0.000734832 0)
(1.00047 0.000729015 0)
(1.00049 0.000732897 0)
(1.00053 0.00073628 0)
(1.00058 0.000729114 0)
(1.00062 0.000718163 0)
(1.00066 0.000710061 0)
(1.00069 0.000701108 0)
(1.00074 0.000687529 0)
(1.00078 0.000670685 0)
(1.00083 0.000651637 0)
(1.00088 0.000628462 0)
(1.00092 0.000598755 0)
(1.00097 0.000561521 0)
(1.001 0.000517156 0)
(1.00103 0.00046722 0)
(1.00105 0.000414233 0)
(1.00106 0.000361115 0)
(1.00107 0.000310484 0)
(1.00106 0.000264218 0)
(1.00105 0.000223349 0)
(1.00104 0.000188165 0)
(1.00103 0.00015842 0)
(1.00101 0.000133559 0)
(1.001 0.000112899 0)
(1.00099 9.57536e-05 0)
(1.00097 8.14989e-05 0)
(1.00096 6.96028e-05 0)
(1.00095 5.96271e-05 0)
(1.00094 5.12181e-05 0)
(1.00093 4.40934e-05 0)
(1.00093 3.80279e-05 0)
(1.00092 3.2842e-05 0)
(1.00091 2.83917e-05 0)
(1.00091 2.45604e-05 0)
(1.0009 2.12533e-05 0)
(1.0009 1.83924e-05 0)
(1.00089 1.59133e-05 0)
(1.00089 1.37624e-05 0)
(1.00089 1.18944e-05 0)
(1.00089 1.02714e-05 0)
(1.00088 8.8606e-06 0)
(1.00088 7.63456e-06 0)
(1.00088 6.5694e-06 0)
(1.00088 5.64433e-06 0)
(1.00088 4.84187e-06 0)
(1.00088 4.14623e-06 0)
(1.00087 3.54383e-06 0)
(1.00087 3.02329e-06 0)
(1.00087 2.57365e-06 0)
(1.00087 2.18631e-06 0)
(1.00087 1.85314e-06 0)
(1.00087 1.56696e-06 0)
(1.00087 1.32198e-06 0)
(1.00087 1.11247e-06 0)
(1.00087 9.33885e-07 0)
(1.00087 7.81994e-07 0)
(1.00087 6.53144e-07 0)
(1.00087 5.44278e-07 0)
(1.00087 4.52329e-07 0)
(1.00087 3.75408e-07 0)
(1.00087 3.10593e-07 0)
(1.00087 2.57413e-07 0)
(1.00087 2.12141e-07 0)
(1.00087 1.76971e-07 0)
(1.00087 1.45541e-07 0)
(1.00087 1.24092e-07 0)
(1.00087 1.03708e-07 0)
(1.00086 9.05639e-08 0)
(1.00088 8.48841e-08 0)
(1.00086 6.94088e-08 0)
(1.00089 9.07747e-08 0)
(1.00084 6.45471e-08 0)
(1.0009 1.13193e-07 0)
(1.00083 1.14194e-07 0)
(1.00091 1.28829e-07 0)
(1.00082 2.7262e-07 0)
(1.00091 1.80164e-07 0)
(1.00082 4.95191e-07 0)
(1.00088 3.99485e-07 0)
(1.00078 7.31587e-07 0)
(0.999926 0.000428486 0)
(0.999926 0.000454988 0)
(0.999937 0.000478308 0)
(0.999959 0.00050155 0)
(0.999986 0.000522586 0)
(1 0.000543865 0)
(1.00001 0.000569747 0)
(1.00005 0.000588386 0)
(1.00008 0.000600793 0)
(1.0001 0.000618967 0)
(1.00013 0.000634167 0)
(1.00017 0.00064165 0)
(1.0002 0.000650238 0)
(1.00023 0.000658833 0)
(1.00026 0.000664921 0)
(1.00029 0.000671282 0)
(1.00032 0.000677034 0)
(1.00035 0.000682366 0)
(1.00039 0.00068717 0)
(1.00043 0.000685887 0)
(1.00047 0.000680291 0)
(1.00049 0.000679325 0)
(1.00052 0.000681196 0)
(1.00056 0.000677415 0)
(1.00061 0.000668758 0)
(1.00065 0.000660896 0)
(1.00068 0.000653378 0)
(1.00072 0.000642505 0)
(1.00077 0.000627407 0)
(1.00081 0.000608626 0)
(1.00085 0.000585407 0)
(1.00089 0.00055653 0)
(1.00092 0.000521796 0)
(1.00095 0.000482051 0)
(1.00098 0.000438726 0)
(1.001 0.000393604 0)
(1.00101 0.000348585 0)
(1.00102 0.000305364 0)
(1.00102 0.000265201 0)
(1.00102 0.000228865 0)
(1.00101 0.000196682 0)
(1.001 0.000168632 0)
(1.00099 0.000144462 0)
(1.00098 0.000123789 0)
(1.00097 0.000106183 0)
(1.00096 9.1213e-05 0)
(1.00095 7.84815e-05 0)
(1.00094 6.76377e-05 0)
(1.00093 5.83806e-05 0)
(1.00093 5.04568e-05 0)
(1.00092 4.36554e-05 0)
(1.00091 3.78015e-05 0)
(1.00091 3.27506e-05 0)
(1.0009 2.83828e-05 0)
(1.0009 2.45988e-05 0)
(1.0009 2.13153e-05 0)
(1.00089 1.84627e-05 0)
(1.00089 1.59824e-05 0)
(1.00089 1.38242e-05 0)
(1.00088 1.19462e-05 0)
(1.00088 1.03116e-05 0)
(1.00088 8.88932e-06 0)
(1.00088 7.65253e-06 0)
(1.00088 6.57751e-06 0)
(1.00088 5.64418e-06 0)
(1.00088 4.8347e-06 0)
(1.00087 4.1333e-06 0)
(1.00087 3.52686e-06 0)
(1.00087 3.00295e-06 0)
(1.00087 2.55132e-06 0)
(1.00087 2.16282e-06 0)
(1.00087 1.82906e-06 0)
(1.00087 1.54319e-06 0)
(1.00087 1.29876e-06 0)
(1.00087 1.09032e-06 0)
(1.00087 9.13024e-07 0)
(1.00087 7.62623e-07 0)
(1.00087 6.35494e-07 0)
(1.00087 5.282e-07 0)
(1.00087 4.38264e-07 0)
(1.00087 3.62786e-07 0)
(1.00087 3.00318e-07 0)
(1.00087 2.48051e-07 0)
(1.00087 2.0598e-07 0)
(1.00087 1.70751e-07 0)
(1.00087 1.43617e-07 0)
(1.00087 1.22253e-07 0)
(1.00086 1.0448e-07 0)
(1.00088 9.87278e-08 0)
(1.00086 8.28796e-08 0)
(1.00089 9.91735e-08 0)
(1.00084 8.38233e-08 0)
(1.0009 1.16903e-07 0)
(1.00083 1.37713e-07 0)
(1.00091 1.4112e-07 0)
(1.00082 2.81519e-07 0)
(1.00091 2.13474e-07 0)
(1.00082 4.79209e-07 0)
(1.00088 4.19537e-07 0)
(1.00078 6.97019e-07 0)
(0.999964 0.000405649 0)
(0.99997 0.000426773 0)
(0.999983 0.000448708 0)
(1 0.000469798 0)
(1.00002 0.000487579 0)
(1.00004 0.000503838 0)
(1.00005 0.000524896 0)
(1.00008 0.000544319 0)
(1.00011 0.000556465 0)
(1.00013 0.000569647 0)
(1.00016 0.0005841 0)
(1.00019 0.000593753 0)
(1.00022 0.000601628 0)
(1.00024 0.000609298 0)
(1.00027 0.000614777 0)
(1.0003 0.000620304 0)
(1.00033 0.00062618 0)
(1.00036 0.000630506 0)
(1.00039 0.000633812 0)
(1.00042 0.000634917 0)
(1.00046 0.000632852 0)
(1.00049 0.000631342 0)
(1.00052 0.000631779 0)
(1.00056 0.000629772 0)
(1.0006 0.000623143 0)
(1.00064 0.000614376 0)
(1.00067 0.000604625 0)
(1.0007 0.000592209 0)
(1.00074 0.000576144 0)
(1.00078 0.000556921 0)
(1.00081 0.000534723 0)
(1.00085 0.000509076 0)
(1.00088 0.000479728 0)
(1.00091 0.000446998 0)
(1.00093 0.000411607 0)
(1.00095 0.000374551 0)
(1.00097 0.000337018 0)
(1.00098 0.000300209 0)
(1.00098 0.000265152 0)
(1.00098 0.000232598 0)
(1.00098 0.000202997 0)
(1.00097 0.00017653 0)
(1.00097 0.000153167 0)
(1.00096 0.000132735 0)
(1.00095 0.000114977 0)
(1.00095 9.96029e-05 0)
(1.00094 8.63181e-05 0)
(1.00093 7.48456e-05 0)
(1.00093 6.49349e-05 0)
(1.00092 5.63652e-05 0)
(1.00091 4.89458e-05 0)
(1.00091 4.25135e-05 0)
(1.0009 3.69294e-05 0)
(1.0009 3.20755e-05 0)
(1.0009 2.78518e-05 0)
(1.00089 2.41732e-05 0)
(1.00089 2.09672e-05 0)
(1.00089 1.8172e-05 0)
(1.00089 1.57344e-05 0)
(1.00088 1.36088e-05 0)
(1.00088 1.17558e-05 0)
(1.00088 1.0141e-05 0)
(1.00088 8.73505e-06 0)
(1.00088 7.51173e-06 0)
(1.00088 6.44855e-06 0)
(1.00087 5.52576e-06 0)
(1.00087 4.72567e-06 0)
(1.00087 4.03335e-06 0)
(1.00087 3.43508e-06 0)
(1.00087 2.91902e-06 0)
(1.00087 2.47492e-06 0)
(1.00087 2.09335e-06 0)
(1.00087 1.76635e-06 0)
(1.00087 1.48674e-06 0)
(1.00087 1.24823e-06 0)
(1.00087 1.04532e-06 0)
(1.00087 8.73176e-07 0)
(1.00087 7.27626e-07 0)
(1.00087 6.0483e-07 0)
(1.00087 5.01777e-07 0)
(1.00087 4.15469e-07 0)
(1.00087 3.43729e-07 0)
(1.00087 2.84187e-07 0)
(1.00087 2.35485e-07 0)
(1.00087 1.95851e-07 0)
(1.00087 1.63808e-07 0)
(1.00087 1.40252e-07 0)
(1.00086 1.19257e-07 0)
(1.00088 1.11827e-07 0)
(1.00086 9.66765e-08 0)
(1.00089 1.07787e-07 0)
(1.00084 1.00928e-07 0)
(1.0009 1.23191e-07 0)
(1.00083 1.55299e-07 0)
(1.00091 1.5537e-07 0)
(1.00082 2.8467e-07 0)
(1.00091 2.40111e-07 0)
(1.00082 4.62659e-07 0)
(1.00088 4.28055e-07 0)
(1.00078 6.62949e-07 0)
(1 0.000384094 0)
(1.00001 0.000401574 0)
(1.00002 0.000419242 0)
(1.00004 0.000435684 0)
(1.00005 0.000451459 0)
(1.00007 0.000467039 0)
(1.00009 0.000483236 0)
(1.00011 0.000498607 0)
(1.00013 0.000511009 0)
(1.00015 0.000522706 0)
(1.00018 0.000534755 0)
(1.0002 0.000544445 0)
(1.00023 0.000551844 0)
(1.00026 0.000558541 0)
(1.00028 0.0005646 0)
(1.00031 0.000570618 0)
(1.00034 0.000576257 0)
(1.00037 0.000580214 0)
(1.0004 0.000583225 0)
(1.00043 0.000585505 0)
(1.00046 0.000585266 0)
(1.00049 0.000582913 0)
(1.00052 0.000580379 0)
(1.00055 0.000576745 0)
(1.00059 0.000570104 0)
(1.00062 0.000561106 0)
(1.00065 0.000551085 0)
(1.00068 0.000539639 0)
(1.00072 0.00052578 0)
(1.00075 0.000509271 0)
(1.00078 0.000490126 0)
(1.00081 0.000468104 0)
(1.00084 0.000443059 0)
(1.00087 0.000415256 0)
(1.00089 0.000385287 0)
(1.00091 0.000353928 0)
(1.00093 0.000322042 0)
(1.00094 0.000290493 0)
(1.00094 0.000260046 0)
(1.00095 0.000231293 0)
(1.00095 0.000204639 0)
(1.00095 0.000180306 0)
(1.00094 0.000158367 0)
(1.00094 0.000138776 0)
(1.00094 0.00012141 0)
(1.00093 0.0001061 0)
(1.00093 9.26516e-05 0)
(1.00092 8.08677e-05 0)
(1.00092 7.05575e-05 0)
(1.00091 6.15434e-05 0)
(1.00091 5.36649e-05 0)
(1.0009 4.67785e-05 0)
(1.0009 4.07584e-05 0)
(1.0009 3.54941e-05 0)
(1.00089 3.08898e-05 0)
(1.00089 2.68621e-05 0)
(1.00089 2.33386e-05 0)
(1.00089 2.02566e-05 0)
(1.00088 1.75615e-05 0)
(1.00088 1.52056e-05 0)
(1.00088 1.31476e-05 0)
(1.00088 1.1351e-05 0)
(1.00088 9.78423e-06 0)
(1.00088 8.41922e-06 0)
(1.00087 7.23145e-06 0)
(1.00087 6.19948e-06 0)
(1.00087 5.30403e-06 0)
(1.00087 4.52849e-06 0)
(1.00087 3.85795e-06 0)
(1.00087 3.27921e-06 0)
(1.00087 2.78088e-06 0)
(1.00087 2.35261e-06 0)
(1.00087 1.9854e-06 0)
(1.00087 1.67132e-06 0)
(1.00087 1.40336e-06 0)
(1.00087 1.17533e-06 0)
(1.00087 9.8184e-07 0)
(1.00087 8.18204e-07 0)
(1.00087 6.80171e-07 0)
(1.00087 5.64241e-07 0)
(1.00087 4.67243e-07 0)
(1.00087 3.86457e-07 0)
(1.00087 3.1963e-07 0)
(1.00087 2.64605e-07 0)
(1.00087 2.20299e-07 0)
(1.00087 1.83902e-07 0)
(1.00087 1.57493e-07 0)
(1.00086 1.34107e-07 0)
(1.00088 1.24194e-07 0)
(1.00086 1.09989e-07 0)
(1.00089 1.16506e-07 0)
(1.00084 1.15411e-07 0)
(1.0009 1.30921e-07 0)
(1.00083 1.67757e-07 0)
(1.00091 1.68999e-07 0)
(1.00082 2.84002e-07 0)
(1.00091 2.58729e-07 0)
(1.00082 4.45207e-07 0)
(1.00088 4.26952e-07 0)
(1.00078 6.28088e-07 0)
(1.00004 0.00036016 0)
(1.00005 0.000373708 0)
(1.00006 0.000387831 0)
(1.00007 0.000402201 0)
(1.00009 0.000416421 0)
(1.0001 0.000429475 0)
(1.00012 0.000441859 0)
(1.00014 0.000454641 0)
(1.00016 0.000466441 0)
(1.00018 0.000476605 0)
(1.0002 0.000486277 0)
(1.00022 0.000495047 0)
(1.00024 0.000502507 0)
(1.00027 0.000509667 0)
(1.0003 0.000516472 0)
(1.00032 0.000522096 0)
(1.00035 0.000526395 0)
(1.00037 0.000529464 0)
(1.0004 0.000531606 0)
(1.00043 0.000532774 0)
(1.00046 0.000532078 0)
(1.00049 0.000529559 0)
(1.00051 0.000526486 0)
(1.00054 0.000522974 0)
(1.00057 0.000517815 0)
(1.00061 0.000510589 0)
(1.00064 0.000501779 0)
(1.00067 0.000491369 0)
(1.0007 0.00047882 0)
(1.00073 0.000463886 0)
(1.00076 0.000446664 0)
(1.00078 0.000427231 0)
(1.00081 0.00040564 0)
(1.00083 0.000382096 0)
(1.00085 0.000356981 0)
(1.00087 0.000330784 0)
(1.00089 0.000304057 0)
(1.0009 0.000277372 0)
(1.00091 0.000251272 0)
(1.00091 0.00022622 0)
(1.00092 0.000202571 0)
(1.00092 0.000180569 0)
(1.00092 0.000160348 0)
(1.00092 0.000141951 0)
(1.00092 0.000125351 0)
(1.00091 0.000110469 0)
(1.00091 9.71957e-05 0)
(1.00091 8.54016e-05 0)
(1.00091 7.49527e-05 0)
(1.0009 6.57151e-05 0)
(1.0009 5.75614e-05 0)
(1.0009 5.03728e-05 0)
(1.00089 4.40408e-05 0)
(1.00089 3.84672e-05 0)
(1.00089 3.35643e-05 0)
(1.00089 2.9254e-05 0)
(1.00088 2.54669e-05 0)
(1.00088 2.21419e-05 0)
(1.00088 1.92247e-05 0)
(1.00088 1.66674e-05 0)
(1.00088 1.4428e-05 0)
(1.00088 1.24688e-05 0)
(1.00088 1.0757e-05 0)
(1.00087 9.26327e-06 0)
(1.00087 7.96163e-06 0)
(1.00087 6.8293e-06 0)
(1.00087 5.8458e-06 0)
(1.00087 4.99313e-06 0)
(1.00087 4.25534e-06 0)
(1.00087 3.61815e-06 0)
(1.00087 3.06911e-06 0)
(1.00087 2.59705e-06 0)
(1.00087 2.19211e-06 0)
(1.00087 1.84562e-06 0)
(1.00087 1.54991e-06 0)
(1.00087 1.29821e-06 0)
(1.00087 1.08458e-06 0)
(1.00087 9.03862e-07 0)
(1.00087 7.51429e-07 0)
(1.00087 6.23338e-07 0)
(1.00087 5.16195e-07 0)
(1.00087 4.26898e-07 0)
(1.00087 3.53094e-07 0)
(1.00087 2.92193e-07 0)
(1.00087 2.43266e-07 0)
(1.00087 2.02999e-07 0)
(1.00087 1.73512e-07 0)
(1.00086 1.48183e-07 0)
(1.00088 1.35598e-07 0)
(1.00086 1.22064e-07 0)
(1.00089 1.24853e-07 0)
(1.00084 1.27086e-07 0)
(1.0009 1.38648e-07 0)
(1.00083 1.7589e-07 0)
(1.00091 1.80053e-07 0)
(1.00082 2.8019e-07 0)
(1.00091 2.69106e-07 0)
(1.00082 4.26143e-07 0)
(1.00088 4.1787e-07 0)
(1.00078 5.91259e-07 0)
(1.00007 0.000333298 0)
(1.00008 0.000344944 0)
(1.00009 0.000356879 0)
(1.0001 0.000368722 0)
(1.00011 0.000380093 0)
(1.00013 0.000390977 0)
(1.00014 0.000401647 0)
(1.00016 0.000412184 0)
(1.00018 0.000422015 0)
(1.0002 0.000430907 0)
(1.00022 0.000439391 0)
(1.00024 0.000447537 0)
(1.00026 0.000454971 0)
(1.00028 0.000461506 0)
(1.00031 0.000466788 0)
(1.00033 0.000470709 0)
(1.00035 0.00047385 0)
(1.00038 0.000476484 0)
(1.0004 0.00047834 0)
(1.00043 0.000479272 0)
(1.00046 0.000479138 0)
(1.00048 0.000477765 0)
(1.00051 0.000475317 0)
(1.00054 0.000471878 0)
(1.00056 0.000467021 0)
(1.00059 0.000460398 0)
(1.00062 0.000452153 0)
(1.00065 0.000442446 0)
(1.00067 0.000431145 0)
(1.0007 0.00041809 0)
(1.00073 0.000403282 0)
(1.00075 0.000386778 0)
(1.00078 0.000368638 0)
(1.0008 0.00034899 0)
(1.00082 0.000328081 0)
(1.00084 0.000306245 0)
(1.00085 0.000283869 0)
(1.00086 0.000261357 0)
(1.00087 0.000239109 0)
(1.00088 0.000217481 0)
(1.00089 0.000196767 0)
(1.00089 0.000177193 0)
(1.0009 0.00015891 0)
(1.0009 0.000142003 0)
(1.0009 0.000126502 0)
(1.0009 0.000112391 0)
(1.0009 9.96214e-05 0)
(1.00089 8.81217e-05 0)
(1.00089 7.78072e-05 0)
(1.00089 6.8586e-05 0)
(1.00089 6.03644e-05 0)
(1.00089 5.30504e-05 0)
(1.00089 4.65561e-05 0)
(1.00088 4.07989e-05 0)
(1.00088 3.57027e-05 0)
(1.00088 3.11977e-05 0)
(1.00088 2.72203e-05 0)
(1.00088 2.37132e-05 0)
(1.00088 2.06248e-05 0)
(1.00088 1.79087e-05 0)
(1.00088 1.55231e-05 0)
(1.00087 1.3431e-05 0)
(1.00087 1.15989e-05 0)
(1.00087 9.99722e-06 0)
(1.00087 8.59917e-06 0)
(1.00087 7.38115e-06 0)
(1.00087 6.32191e-06 0)
(1.00087 5.40254e-06 0)
(1.00087 4.60626e-06 0)
(1.00087 3.91802e-06 0)
(1.00087 3.32454e-06 0)
(1.00087 2.81396e-06 0)
(1.00087 2.37576e-06 0)
(1.00087 2.00061e-06 0)
(1.00087 1.68033e-06 0)
(1.00087 1.40764e-06 0)
(1.00087 1.17612e-06 0)
(1.00087 9.80202e-07 0)
(1.00087 8.14945e-07 0)
(1.00087 6.76032e-07 0)
(1.00087 5.59821e-07 0)
(1.00087 4.62951e-07 0)
(1.00087 3.8288e-07 0)
(1.00087 3.16783e-07 0)
(1.00087 2.63616e-07 0)
(1.00087 2.20004e-07 0)
(1.00087 1.87571e-07 0)
(1.00086 1.60591e-07 0)
(1.00088 1.45492e-07 0)
(1.00086 1.32198e-07 0)
(1.00089 1.32095e-07 0)
(1.00084 1.35753e-07 0)
(1.0009 1.45005e-07 0)
(1.00083 1.80084e-07 0)
(1.00091 1.87164e-07 0)
(1.00082 2.73289e-07 0)
(1.00091 2.71609e-07 0)
(1.00082 4.04467e-07 0)
(1.00088 4.02021e-07 0)
(1.00078 5.51601e-07 0)
(1.0001 0.00030503 0)
(1.00011 0.000314718 0)
(1.00012 0.000324349 0)
(1.00013 0.000333899 0)
(1.00014 0.000343338 0)
(1.00015 0.000352578 0)
(1.00017 0.000361454 0)
(1.00018 0.000370001 0)
(1.0002 0.000378276 0)
(1.00022 0.000386127 0)
(1.00024 0.000393472 0)
(1.00026 0.00040023 0)
(1.00027 0.000406105 0)
(1.00029 0.000410984 0)
(1.00031 0.000415156 0)
(1.00034 0.000418919 0)
(1.00036 0.000422263 0)
(1.00038 0.000424896 0)
(1.00041 0.000426583 0)
(1.00043 0.000427347 0)
(1.00045 0.000427177 0)
(1.00048 0.000425882 0)
(1.0005 0.000423421 0)
(1.00053 0.000419933 0)
(1.00055 0.000415386 0)
(1.00058 0.000409591 0)
(1.0006 0.000402488 0)
(1.00063 0.000394115 0)
(1.00065 0.000384431 0)
(1.00068 0.000373343 0)
(1.0007 0.000360828 0)
(1.00073 0.000346937 0)
(1.00075 0.000331754 0)
(1.00077 0.000315397 0)
(1.00079 0.000298045 0)
(1.0008 0.00027993 0)
(1.00082 0.000261317 0)
(1.00083 0.000242488 0)
(1.00084 0.000223723 0)
(1.00085 0.000205289 0)
(1.00086 0.000187417 0)
(1.00087 0.000170299 0)
(1.00087 0.000154084 0)
(1.00087 0.000138871 0)
(1.00088 0.000124721 0)
(1.00088 0.000111659 0)
(1.00088 9.96795e-05 0)
(1.00088 8.87537e-05 0)
(1.00088 7.88373e-05 0)
(1.00088 6.98745e-05 0)
(1.00088 6.18028e-05 0)
(1.00088 5.45563e-05 0)
(1.00088 4.80686e-05 0)
(1.00088 4.22745e-05 0)
(1.00088 3.71115e-05 0)
(1.00088 3.25201e-05 0)
(1.00088 2.84452e-05 0)
(1.00088 2.48352e-05 0)
(1.00087 2.1643e-05 0)
(1.00087 1.88252e-05 0)
(1.00087 1.63424e-05 0)
(1.00087 1.41588e-05 0)
(1.00087 1.22418e-05 0)
(1.00087 1.05622e-05 0)
(1.00087 9.09333e-06 0)
(1.00087 7.81143e-06 0)
(1.00087 6.69501e-06 0)
(1.00087 5.72477e-06 0)
(1.00087 4.88347e-06 0)
(1.00087 4.15565e-06 0)
(1.00087 3.5275e-06 0)
(1.00087 2.98669e-06 0)
(1.00087 2.52226e-06 0)
(1.00087 2.12446e-06 0)
(1.00087 1.78467e-06 0)
(1.00087 1.49527e-06 0)
(1.00087 1.24948e-06 0)
(1.00087 1.04141e-06 0)
(1.00087 8.65885e-07 0)
(1.00087 7.18305e-07 0)
(1.00087 5.94802e-07 0)
(1.00087 4.9185e-07 0)
(1.00087 4.06722e-07 0)
(1.00087 3.36464e-07 0)
(1.00087 2.79815e-07 0)
(1.00087 2.3354e-07 0)
(1.00087 1.98605e-07 0)
(1.00086 1.70278e-07 0)
(1.00088 1.53073e-07 0)
(1.00086 1.39644e-07 0)
(1.00089 1.37286e-07 0)
(1.00084 1.41026e-07 0)
(1.0009 1.48803e-07 0)
(1.00083 1.80354e-07 0)
(1.00091 1.89401e-07 0)
(1.00082 2.62846e-07 0)
(1.00091 2.66847e-07 0)
(1.00082 3.79298e-07 0)
(1.00088 3.80072e-07 0)
(1.00078 5.08493e-07 0)
(1.00012 0.000274533 0)
(1.00013 0.000282477 0)
(1.00014 0.000290372 0)
(1.00015 0.000298208 0)
(1.00016 0.000305917 0)
(1.00018 0.00031342 0)
(1.00019 0.000320679 0)
(1.0002 0.000327706 0)
(1.00022 0.000334455 0)
(1.00024 0.000340778 0)
(1.00025 0.00034659 0)
(1.00027 0.000351899 0)
(1.00029 0.000356733 0)
(1.00031 0.000361171 0)
(1.00033 0.000365218 0)
(1.00035 0.000368687 0)
(1.00037 0.00037138 0)
(1.00039 0.000373277 0)
(1.00041 0.000374441 0)
(1.00043 0.000374888 0)
(1.00045 0.000374564 0)
(1.00047 0.000373378 0)
(1.0005 0.000371289 0)
(1.00052 0.000368313 0)
(1.00054 0.000364422 0)
(1.00057 0.000359512 0)
(1.00059 0.000353507 0)
(1.00061 0.000346402 0)
(1.00064 0.000338199 0)
(1.00066 0.000328881 0)
(1.00068 0.000318447 0)
(1.0007 0.000306936 0)
(1.00072 0.000294419 0)
(1.00074 0.000280986 0)
(1.00076 0.000266761 0)
(1.00077 0.000251901 0)
(1.00079 0.000236586 0)
(1.0008 0.000221014 0)
(1.00081 0.000205384 0)
(1.00082 0.000189892 0)
(1.00083 0.000174717 0)
(1.00084 0.000160017 0)
(1.00085 0.000145922 0)
(1.00085 0.000132532 0)
(1.00086 0.000119919 0)
(1.00086 0.000108129 0)
(1.00086 9.71827e-05 0)
(1.00087 8.70811e-05 0)
(1.00087 7.78096e-05 0)
(1.00087 6.93411e-05 0)
(1.00087 6.16393e-05 0)
(1.00087 5.4662e-05 0)
(1.00087 4.83629e-05 0)
(1.00087 4.26943e-05 0)
(1.00087 3.7608e-05 0)
(1.00087 3.30564e-05 0)
(1.00087 2.89939e-05 0)
(1.00087 2.53767e-05 0)
(1.00087 2.21634e-05 0)
(1.00087 1.93156e-05 0)
(1.00087 1.67972e-05 0)
(1.00087 1.45751e-05 0)
(1.00087 1.26189e-05 0)
(1.00087 1.09005e-05 0)
(1.00087 9.39441e-06 0)
(1.00087 8.07744e-06 0)
(1.00087 6.92851e-06 0)
(1.00087 5.92853e-06 0)
(1.00087 5.06031e-06 0)
(1.00087 4.30834e-06 0)
(1.00087 3.6587e-06 0)
(1.00087 3.09891e-06 0)
(1.00087 2.61783e-06 0)
(1.00087 2.20552e-06 0)
(1.00087 1.85315e-06 0)
(1.00087 1.55288e-06 0)
(1.00087 1.29779e-06 0)
(1.00087 1.08176e-06 0)
(1.00087 8.99465e-07 0)
(1.00087 7.46172e-07 0)
(1.00087 6.17841e-07 0)
(1.00087 5.10856e-07 0)
(1.00087 4.2236e-07 0)
(1.00087 3.49332e-07 0)
(1.00087 2.90286e-07 0)
(1.00087 2.42239e-07 0)
(1.00087 2.05539e-07 0)
(1.00086 1.76267e-07 0)
(1.00088 1.57428e-07 0)
(1.00086 1.43656e-07 0)
(1.00089 1.39562e-07 0)
(1.00084 1.42554e-07 0)
(1.0009 1.4904e-07 0)
(1.00083 1.76447e-07 0)
(1.00091 1.86268e-07 0)
(1.00082 2.4834e-07 0)
(1.00091 2.55258e-07 0)
(1.00082 3.49969e-07 0)
(1.00088 3.52456e-07 0)
(1.00078 4.61525e-07 0)
(1.00014 0.000242075 0)
(1.00015 0.00024852 0)
(1.00016 0.000254886 0)
(1.00017 0.000261153 0)
(1.00018 0.000267295 0)
(1.0002 0.000273286 0)
(1.00021 0.000279089 0)
(1.00022 0.000284664 0)
(1.00024 0.000289983 0)
(1.00025 0.000295027 0)
(1.00027 0.000299779 0)
(1.00028 0.000304236 0)
(1.0003 0.000308364 0)
(1.00032 0.000312063 0)
(1.00033 0.000315222 0)
(1.00035 0.000317802 0)
(1.00037 0.000319838 0)
(1.00039 0.000321365 0)
(1.00041 0.000322351 0)
(1.00043 0.000322726 0)
(1.00045 0.000322437 0)
(1.00047 0.000321446 0)
(1.00049 0.000319708 0)
(1.00051 0.000317193 0)
(1.00053 0.000313884 0)
(1.00056 0.000309746 0)
(1.00058 0.000304743 0)
(1.0006 0.000298861 0)
(1.00062 0.000292101 0)
(1.00064 0.000284462 0)
(1.00066 0.000275953 0)
(1.00068 0.0002666 0)
(1.0007 0.000256455 0)
(1.00071 0.000245585 0)
(1.00073 0.00023408 0)
(1.00075 0.000222048 0)
(1.00076 0.000209615 0)
(1.00078 0.000196918 0)
(1.00079 0.000184098 0)
(1.0008 0.000171298 0)
(1.00081 0.000158653 0)
(1.00082 0.000146286 0)
(1.00083 0.000134306 0)
(1.00083 0.000122802 0)
(1.00084 0.000111847 0)
(1.00084 0.000101494 0)
(1.00085 9.17756e-05 0)
(1.00085 8.27126e-05 0)
(1.00085 7.43094e-05 0)
(1.00086 6.65593e-05 0)
(1.00086 5.94463e-05 0)
(1.00086 5.29472e-05 0)
(1.00086 4.70333e-05 0)
(1.00086 4.16722e-05 0)
(1.00086 3.68296e-05 0)
(1.00087 3.24697e-05 0)
(1.00087 2.85566e-05 0)
(1.00087 2.50549e-05 0)
(1.00087 2.19302e-05 0)
(1.00087 1.91497e-05 0)
(1.00087 1.6682e-05 0)
(1.00087 1.44977e-05 0)
(1.00087 1.25691e-05 0)
(1.00087 1.08706e-05 0)
(1.00087 9.37873e-06 0)
(1.00087 8.07156e-06 0)
(1.00087 6.92918e-06 0)
(1.00087 5.93339e-06 0)
(1.00087 5.06763e-06 0)
(1.00087 4.31693e-06 0)
(1.00087 3.66771e-06 0)
(1.00087 3.10778e-06 0)
(1.00087 2.62622e-06 0)
(1.00087 2.21323e-06 0)
(1.00087 1.86007e-06 0)
(1.00087 1.55899e-06 0)
(1.00087 1.30309e-06 0)
(1.00087 1.0863e-06 0)
(1.00087 9.03299e-07 0)
(1.00087 7.49387e-07 0)
(1.00087 6.20506e-07 0)
(1.00087 5.13029e-07 0)
(1.00087 4.24072e-07 0)
(1.00087 3.50681e-07 0)
(1.00087 2.91214e-07 0)
(1.00087 2.42946e-07 0)
(1.00087 2.05734e-07 0)
(1.00086 1.76308e-07 0)
(1.00088 1.56627e-07 0)
(1.00086 1.42643e-07 0)
(1.00089 1.37348e-07 0)
(1.00084 1.3919e-07 0)
(1.0009 1.44443e-07 0)
(1.00083 1.67482e-07 0)
(1.00091 1.77211e-07 0)
(1.00082 2.28902e-07 0)
(1.00091 2.36924e-07 0)
(1.00082 3.15754e-07 0)
(1.00088 3.19249e-07 0)
(1.00078 4.10427e-07 0)
(1.00016 0.000206998 0)
(1.00017 0.000212139 0)
(1.00018 0.000217203 0)
(1.00019 0.000222175 0)
(1.0002 0.000227039 0)
(1.00021 0.000231776 0)
(1.00022 0.000236367 0)
(1.00024 0.000240795 0)
(1.00025 0.000245047 0)
(1.00026 0.000249102 0)
(1.00028 0.000252922 0)
(1.00029 0.000256467 0)
(1.00031 0.000259693 0)
(1.00033 0.00026257 0)
(1.00034 0.000265091 0)
(1.00036 0.000267256 0)
(1.00038 0.000269036 0)
(1.00039 0.000270379 0)
(1.00041 0.000271237 0)
(1.00043 0.000271581 0)
(1.00045 0.000271389 0)
(1.00047 0.000270634 0)
(1.00049 0.000269284 0)
(1.00051 0.000267314 0)
(1.00053 0.000264706 0)
(1.00055 0.00026144 0)
(1.00056 0.000257496 0)
(1.00058 0.000252857 0)
(1.0006 0.000247521 0)
(1.00062 0.000241492 0)
(1.00064 0.000234779 0)
(1.00066 0.000227407 0)
(1.00068 0.00021941 0)
(1.00069 0.000210837 0)
(1.00071 0.000201752 0)
(1.00072 0.000192228 0)
(1.00074 0.000182352 0)
(1.00075 0.000172218 0)
(1.00077 0.000161925 0)
(1.00078 0.000151576 0)
(1.00079 0.000141269 0)
(1.0008 0.0001311 0)
(1.00081 0.000121154 0)
(1.00081 0.000111508 0)
(1.00082 0.000102226 0)
(1.00083 9.33605e-05 0)
(1.00083 8.49514e-05 0)
(1.00084 7.70268e-05 0)
(1.00084 6.96038e-05 0)
(1.00085 6.26896e-05 0)
(1.00085 5.62832e-05 0)
(1.00085 5.03764e-05 0)
(1.00085 4.49551e-05 0)
(1.00086 4.00008e-05 0)
(1.00086 3.54916e-05 0)
(1.00086 3.14033e-05 0)
(1.00086 2.77101e-05 0)
(1.00086 2.43854e-05 0)
(1.00086 2.14025e-05 0)
(1.00086 1.87348e-05 0)
(1.00086 1.63565e-05 0)
(1.00086 1.42427e-05 0)
(1.00087 1.23695e-05 0)
(1.00087 1.07145e-05 0)
(1.00087 9.25642e-06 0)
(1.00087 7.97561e-06 0)
(1.00087 6.85371e-06 0)
(1.00087 5.87382e-06 0)
(1.00087 5.0204e-06 0)
(1.00087 4.27928e-06 0)
(1.00087 3.63751e-06 0)
(1.00087 3.08341e-06 0)
(1.00087 2.60642e-06 0)
(1.00087 2.19703e-06 0)
(1.00087 1.84672e-06 0)
(1.00087 1.54791e-06 0)
(1.00087 1.29384e-06 0)
(1.00087 1.07853e-06 0)
(1.00087 8.96724e-07 0)
(1.00087 7.43791e-07 0)
(1.00087 6.15697e-07 0)
(1.00087 5.08836e-07 0)
(1.00087 4.20343e-07 0)
(1.00087 3.47352e-07 0)
(1.00087 2.88094e-07 0)
(1.00087 2.39994e-07 0)
(1.00087 2.0263e-07 0)
(1.00086 1.7314e-07 0)
(1.00088 1.5287e-07 0)
(1.00086 1.38396e-07 0)
(1.00089 1.3188e-07 0)
(1.00084 1.32084e-07 0)
(1.0009 1.35683e-07 0)
(1.00083 1.54321e-07 0)
(1.00091 1.62525e-07 0)
(1.00082 2.05061e-07 0)
(1.00091 2.12018e-07 0)
(1.00082 2.77037e-07 0)
(1.00088 2.79778e-07 0)
(1.00078 3.55703e-07 0)
(1.00018 0.000165637 0)
(1.00018 0.000169444 0)
(1.00019 0.000173183 0)
(1.0002 0.000176843 0)
(1.00022 0.000180416 0)
(1.00023 0.000183891 0)
(1.00024 0.000187257 0)
(1.00025 0.000190502 0)
(1.00026 0.000193607 0)
(1.00028 0.000196553 0)
(1.00029 0.000199321 0)
(1.0003 0.000201893 0)
(1.00032 0.000204252 0)
(1.00033 0.000206385 0)
(1.00035 0.000208266 0)
(1.00036 0.000209863 0)
(1.00038 0.000211145 0)
(1.0004 0.000212087 0)
(1.00041 0.00021267 0)
(1.00043 0.000212877 0)
(1.00045 0.000212684 0)
(1.00047 0.000212068 0)
(1.00048 0.000211006 0)
(1.0005 0.00020948 0)
(1.00052 0.000207472 0)
(1.00054 0.000204969 0)
(1.00056 0.00020196 0)
(1.00057 0.000198436 0)
(1.00059 0.000194396 0)
(1.00061 0.000189843 0)
(1.00063 0.000184788 0)
(1.00064 0.000179247 0)
(1.00066 0.000173247 0)
(1.00068 0.000166821 0)
(1.00069 0.000160012 0)
(1.00071 0.000152869 0)
(1.00072 0.00014545 0)
(1.00073 0.000137818 0)
(1.00075 0.000130042 0)
(1.00076 0.00012219 0)
(1.00077 0.000114332 0)
(1.00078 0.000106535 0)
(1.00079 9.88638e-05 0)
(1.0008 9.13752e-05 0)
(1.0008 8.41205e-05 0)
(1.00081 7.71433e-05 0)
(1.00082 7.04789e-05 0)
(1.00082 6.41548e-05 0)
(1.00083 5.81905e-05 0)
(1.00083 5.25983e-05 0)
(1.00084 4.73837e-05 0)
(1.00084 4.25466e-05 0)
(1.00084 3.80815e-05 0)
(1.00085 3.39792e-05 0)
(1.00085 3.02266e-05 0)
(1.00085 2.68085e-05 0)
(1.00085 2.37074e-05 0)
(1.00086 2.09047e-05 0)
(1.00086 1.8381e-05 0)
(1.00086 1.61167e-05 0)
(1.00086 1.40919e-05 0)
(1.00086 1.22875e-05 0)
(1.00086 1.06846e-05 0)
(1.00086 9.2653e-06 0)
(1.00086 8.01247e-06 0)
(1.00086 6.90999e-06 0)
(1.00087 5.94278e-06 0)
(1.00087 5.09681e-06 0)
(1.00087 4.35912e-06 0)
(1.00087 3.71777e-06 0)
(1.00087 3.16186e-06 0)
(1.00087 2.68147e-06 0)
(1.00087 2.2676e-06 0)
(1.00087 1.91215e-06 0)
(1.00087 1.60781e-06 0)
(1.00087 1.34806e-06 0)
(1.00087 1.12709e-06 0)
(1.00087 9.39775e-07 0)
(1.00087 7.81545e-07 0)
(1.00087 6.48386e-07 0)
(1.00087 5.36819e-07 0)
(1.00087 4.43734e-07 0)
(1.00087 3.66632e-07 0)
(1.00087 3.03041e-07 0)
(1.00087 2.51364e-07 0)
(1.00087 2.0944e-07 0)
(1.00087 1.76808e-07 0)
(1.00086 1.51104e-07 0)
(1.00088 1.33275e-07 0)
(1.00086 1.20513e-07 0)
(1.00089 1.14535e-07 0)
(1.00084 1.14049e-07 0)
(1.0009 1.16845e-07 0)
(1.00083 1.31106e-07 0)
(1.00091 1.38177e-07 0)
(1.00082 1.70986e-07 0)
(1.00091 1.77246e-07 0)
(1.00082 2.27118e-07 0)
(1.00088 2.29584e-07 0)
(1.00078 2.87041e-07 0)
(1.00019 0.000137972 0)
(1.0002 0.000141057 0)
(1.00021 0.000144093 0)
(1.00022 0.000147072 0)
(1.00023 0.000149984 0)
(1.00024 0.000152818 0)
(1.00025 0.000155566 0)
(1.00026 0.000158217 0)
(1.00027 0.000160762 0)
(1.00028 0.000163191 0)
(1.0003 0.000165491 0)
(1.00031 0.00016765 0)
(1.00032 0.000169649 0)
(1.00034 0.000171469 0)
(1.00035 0.000173089 0)
(1.00037 0.000174489 0)
(1.00038 0.000175651 0)
(1.0004 0.000176559 0)
(1.00041 0.000177191 0)
(1.00043 0.000177527 0)
(1.00045 0.000177547 0)
(1.00046 0.000177232 0)
(1.00048 0.000176564 0)
(1.0005 0.000175527 0)
(1.00051 0.000174107 0)
(1.00053 0.000172293 0)
(1.00055 0.000170075 0)
(1.00056 0.000167445 0)
(1.00058 0.000164402 0)
(1.0006 0.000160947 0)
(1.00061 0.000157086 0)
(1.00063 0.000152831 0)
(1.00065 0.000148199 0)
(1.00066 0.000143212 0)
(1.00068 0.000137901 0)
(1.00069 0.000132298 0)
(1.0007 0.000126446 0)
(1.00072 0.000120387 0)
(1.00073 0.000114172 0)
(1.00074 0.000107849 0)
(1.00075 0.000101471 0)
(1.00076 9.50891e-05 0)
(1.00077 8.87541e-05 0)
(1.00078 8.25129e-05 0)
(1.00079 7.64093e-05 0)
(1.0008 7.04823e-05 0)
(1.00081 6.4766e-05 0)
(1.00081 5.92886e-05 0)
(1.00082 5.40732e-05 0)
(1.00082 4.91368e-05 0)
(1.00083 4.44913e-05 0)
(1.00083 4.01437e-05 0)
(1.00084 3.60962e-05 0)
(1.00084 3.2347e-05 0)
(1.00085 2.88911e-05 0)
(1.00085 2.57202e-05 0)
(1.00085 2.28237e-05 0)
(1.00085 2.01894e-05 0)
(1.00085 1.78035e-05 0)
(1.00086 1.56511e-05 0)
(1.00086 1.3717e-05 0)
(1.00086 1.19856e-05 0)
(1.00086 1.04414e-05 0)
(1.00086 9.06906e-06 0)
(1.00086 7.85376e-06 0)
(1.00086 6.78123e-06 0)
(1.00086 5.83793e-06 0)
(1.00086 5.01106e-06 0)
(1.00087 4.28865e-06 0)
(1.00087 3.65957e-06 0)
(1.00087 3.11355e-06 0)
(1.00087 2.64118e-06 0)
(1.00087 2.23384e-06 0)
(1.00087 1.88373e-06 0)
(1.00087 1.58379e-06 0)
(1.00087 1.32769e-06 0)
(1.00087 1.10977e-06 0)
(1.00087 9.24983e-07 0)
(1.00087 7.68861e-07 0)
(1.00087 6.37444e-07 0)
(1.00087 5.27327e-07 0)
(1.00087 4.35422e-07 0)
(1.00087 3.59263e-07 0)
(1.00087 2.96349e-07 0)
(1.00087 2.45197e-07 0)
(1.00087 2.03465e-07 0)
(1.00087 1.71003e-07 0)
(1.00086 1.44869e-07 0)
(1.00088 1.26911e-07 0)
(1.00086 1.12811e-07 0)
(1.00089 1.06442e-07 0)
(1.00084 1.03268e-07 0)
(1.0009 1.05385e-07 0)
(1.00083 1.15302e-07 0)
(1.00091 1.21136e-07 0)
(1.00082 1.48373e-07 0)
(1.00091 1.5277e-07 0)
(1.00082 1.96431e-07 0)
(1.00088 1.97078e-07 0)
(1.00078 2.46263e-07 0)
(1.0002 6.67118e-05 0)
(1.00021 6.82693e-05 0)
(1.00022 6.98126e-05 0)
(1.00023 7.1335e-05 0)
(1.00024 7.28292e-05 0)
(1.00025 7.42883e-05 0)
(1.00026 7.57068e-05 0)
(1.00027 7.70802e-05 0)
(1.00028 7.84047e-05 0)
(1.00029 7.96767e-05 0)
(1.00031 8.08914e-05 0)
(1.00032 8.20426e-05 0)
(1.00033 8.31225e-05 0)
(1.00035 8.41224e-05 0)
(1.00036 8.5033e-05 0)
(1.00037 8.58449e-05 0)
(1.00039 8.65483e-05 0)
(1.0004 8.71335e-05 0)
(1.00042 8.75905e-05 0)
(1.00043 8.79096e-05 0)
(1.00045 8.80806e-05 0)
(1.00046 8.80934e-05 0)
(1.00048 8.79388e-05 0)
(1.00049 8.76082e-05 0)
(1.00051 8.70937e-05 0)
(1.00052 8.63882e-05 0)
(1.00054 8.54857e-05 0)
(1.00056 8.43818e-05 0)
(1.00057 8.30736e-05 0)
(1.00059 8.15603e-05 0)
(1.0006 7.98433e-05 0)
(1.00062 7.79262e-05 0)
(1.00063 7.58155e-05 0)
(1.00065 7.35201e-05 0)
(1.00066 7.10521e-05 0)
(1.00068 6.84259e-05 0)
(1.00069 6.56589e-05 0)
(1.0007 6.27706e-05 0)
(1.00071 5.97828e-05 0)
(1.00073 5.67186e-05 0)
(1.00074 5.36021e-05 0)
(1.00075 5.04582e-05 0)
(1.00076 4.73113e-05 0)
(1.00077 4.41853e-05 0)
(1.00078 4.11029e-05 0)
(1.00079 3.80851e-05 0)
(1.00079 3.51509e-05 0)
(1.0008 3.2317e-05 0)
(1.00081 2.95974e-05 0)
(1.00081 2.70038e-05 0)
(1.00082 2.45451e-05 0)
(1.00082 2.22278e-05 0)
(1.00083 2.00559e-05 0)
(1.00083 1.80312e-05 0)
(1.00084 1.61534e-05 0)
(1.00084 1.44208e-05 0)
(1.00084 1.28297e-05 0)
(1.00085 1.13754e-05 0)
(1.00085 1.00523e-05 0)
(1.00085 8.85365e-06 0)
(1.00085 7.7725e-06 0)
(1.00086 6.80135e-06 0)
(1.00086 5.93251e-06 0)
(1.00086 5.15827e-06 0)
(1.00086 4.47097e-06 0)
(1.00086 3.86315e-06 0)
(1.00086 3.32759e-06 0)
(1.00086 2.85742e-06 0)
(1.00086 2.44612e-06 0)
(1.00086 2.08758e-06 0)
(1.00087 1.77613e-06 0)
(1.00087 1.50651e-06 0)
(1.00087 1.27391e-06 0)
(1.00087 1.07392e-06 0)
(1.00087 9.02569e-07 0)
(1.00087 7.56257e-07 0)
(1.00087 6.31762e-07 0)
(1.00087 5.26202e-07 0)
(1.00087 4.37031e-07 0)
(1.00087 3.61985e-07 0)
(1.00087 2.99108e-07 0)
(1.00087 2.46617e-07 0)
(1.00087 2.03111e-07 0)
(1.00087 1.67125e-07 0)
(1.00087 1.37846e-07 0)
(1.00087 1.13831e-07 0)
(1.00087 9.51423e-08 0)
(1.00086 7.98132e-08 0)
(1.00088 6.93011e-08 0)
(1.00086 6.04754e-08 0)
(1.00089 5.64372e-08 0)
(1.00084 5.33455e-08 0)
(1.0009 5.38999e-08 0)
(1.00083 5.77828e-08 0)
(1.00091 5.99823e-08 0)
(1.00082 7.3616e-08 0)
(1.00091 7.4552e-08 0)
(1.00082 9.77584e-08 0)
(1.00088 9.67354e-08 0)
(1.00078 1.23112e-07 0)
)
;

boundaryField
{
    zeroGradientPlanes
    {
        type            zeroGradient;
    }
    inlet
    {
        type            fixedValue;
        value           uniform (1 0 0);
    }
    plate
    {
        type            noSlip;
    }
    frontAndBack
    {
        type            empty;
    }
}


// ************************************************************************* //
