/*--------------------------------*- C++ -*----------------------------------*\
| =========                 |                                                 |
| \\      /  F ield         | OpenFOAM: The Open Source CFD Toolbox           |
|  \\    /   O peration     | Version:  v2012                                 |
|   \\  /    A nd           | Website:  www.openfoam.com                      |
|    \\/     M anipulation  |                                                 |
\*---------------------------------------------------------------------------*/
FoamFile
{
    version     2.0;
    format      ascii;
    class       labelList;
    note        "nPoints:5082  nCells:2400  nFaces:9740  nInternalFaces:4660";
    location    "constant/polyMesh";
    object      neighbour;
}
// * * * * * * * * * * * * * * * * * * * * * * * * * * * * * * * * * * * * * //


4660
(
1
20
2
21
3
22
4
23
5
24
6
25
7
26
8
27
9
28
10
29
11
30
12
31
13
32
14
33
15
34
16
35
17
36
18
37
19
38
39
400
21
40
22
41
23
42
24
43
25
44
26
45
27
46
28
47
29
48
30
49
31
50
32
51
33
52
34
53
35
54
36
55
37
56
38
57
39
58
59
500
41
60
42
61
43
62
44
63
45
64
46
65
47
66
48
67
49
68
50
69
51
70
52
71
53
72
54
73
55
74
56
75
57
76
58
77
59
78
79
600
61
80
62
81
63
82
64
83
65
84
66
85
67
86
68
87
69
88
70
89
71
90
72
91
73
92
74
93
75
94
76
95
77
96
78
97
79
98
99
700
81
100
82
101
83
102
84
103
85
104
86
105
87
106
88
107
89
108
90
109
91
110
92
111
93
112
94
113
95
114
96
115
97
116
98
117
99
118
119
800
101
120
102
121
103
122
104
123
105
124
106
125
107
126
108
127
109
128
110
129
111
130
112
131
113
132
114
133
115
134
116
135
117
136
118
137
119
138
139
900
121
140
122
141
123
142
124
143
125
144
126
145
127
146
128
147
129
148
130
149
131
150
132
151
133
152
134
153
135
154
136
155
137
156
138
157
139
158
159
1000
141
160
142
161
143
162
144
163
145
164
146
165
147
166
148
167
149
168
150
169
151
170
152
171
153
172
154
173
155
174
156
175
157
176
158
177
159
178
179
1100
161
180
162
181
163
182
164
183
165
184
166
185
167
186
168
187
169
188
170
189
171
190
172
191
173
192
174
193
175
194
176
195
177
196
178
197
179
198
199
1200
181
200
182
201
183
202
184
203
185
204
186
205
187
206
188
207
189
208
190
209
191
210
192
211
193
212
194
213
195
214
196
215
197
216
198
217
199
218
219
1300
201
220
202
221
203
222
204
223
205
224
206
225
207
226
208
227
209
228
210
229
211
230
212
231
213
232
214
233
215
234
216
235
217
236
218
237
219
238
239
1400
221
240
222
241
223
242
224
243
225
244
226
245
227
246
228
247
229
248
230
249
231
250
232
251
233
252
234
253
235
254
236
255
237
256
238
257
239
258
259
1500
241
260
242
261
243
262
244
263
245
264
246
265
247
266
248
267
249
268
250
269
251
270
252
271
253
272
254
273
255
274
256
275
257
276
258
277
259
278
279
1600
261
280
262
281
263
282
264
283
265
284
266
285
267
286
268
287
269
288
270
289
271
290
272
291
273
292
274
293
275
294
276
295
277
296
278
297
279
298
299
1700
281
300
282
301
283
302
284
303
285
304
286
305
287
306
288
307
289
308
290
309
291
310
292
311
293
312
294
313
295
314
296
315
297
316
298
317
299
318
319
1800
301
320
302
321
303
322
304
323
305
324
306
325
307
326
308
327
309
328
310
329
311
330
312
331
313
332
314
333
315
334
316
335
317
336
318
337
319
338
339
1900
321
340
322
341
323
342
324
343
325
344
326
345
327
346
328
347
329
348
330
349
331
350
332
351
333
352
334
353
335
354
336
355
337
356
338
357
339
358
359
2000
341
360
342
361
343
362
344
363
345
364
346
365
347
366
348
367
349
368
350
369
351
370
352
371
353
372
354
373
355
374
356
375
357
376
358
377
359
378
379
2100
361
380
362
381
363
382
364
383
365
384
366
385
367
386
368
387
369
388
370
389
371
390
372
391
373
392
374
393
375
394
376
395
377
396
378
397
379
398
399
2200
381
382
383
384
385
386
387
388
389
390
391
392
393
394
395
396
397
398
399
2300
401
500
402
501
403
502
404
503
405
504
406
505
407
506
408
507
409
508
410
509
411
510
412
511
413
512
414
513
415
514
416
515
417
516
418
517
419
518
420
519
421
520
422
521
423
522
424
523
425
524
426
525
427
526
428
527
429
528
430
529
431
530
432
531
433
532
434
533
435
534
436
535
437
536
438
537
439
538
440
539
441
540
442
541
443
542
444
543
445
544
446
545
447
546
448
547
449
548
450
549
451
550
452
551
453
552
454
553
455
554
456
555
457
556
458
557
459
558
460
559
461
560
462
561
463
562
464
563
465
564
466
565
467
566
468
567
469
568
470
569
471
570
472
571
473
572
474
573
475
574
476
575
477
576
478
577
479
578
480
579
481
580
482
581
483
582
484
583
485
584
486
585
487
586
488
587
489
588
490
589
491
590
492
591
493
592
494
593
495
594
496
595
497
596
498
597
499
598
599
501
600
502
601
503
602
504
603
505
604
506
605
507
606
508
607
509
608
510
609
511
610
512
611
513
612
514
613
515
614
516
615
517
616
518
617
519
618
520
619
521
620
522
621
523
622
524
623
525
624
526
625
527
626
528
627
529
628
530
629
531
630
532
631
533
632
534
633
535
634
536
635
537
636
538
637
539
638
540
639
541
640
542
641
543
642
544
643
545
644
546
645
547
646
548
647
549
648
550
649
551
650
552
651
553
652
554
653
555
654
556
655
557
656
558
657
559
658
560
659
561
660
562
661
563
662
564
663
565
664
566
665
567
666
568
667
569
668
570
669
571
670
572
671
573
672
574
673
575
674
576
675
577
676
578
677
579
678
580
679
581
680
582
681
583
682
584
683
585
684
586
685
587
686
588
687
589
688
590
689
591
690
592
691
593
692
594
693
595
694
596
695
597
696
598
697
599
698
699
601
700
602
701
603
702
604
703
605
704
606
705
607
706
608
707
609
708
610
709
611
710
612
711
613
712
614
713
615
714
616
715
617
716
618
717
619
718
620
719
621
720
622
721
623
722
624
723
625
724
626
725
627
726
628
727
629
728
630
729
631
730
632
731
633
732
634
733
635
734
636
735
637
736
638
737
639
738
640
739
641
740
642
741
643
742
644
743
645
744
646
745
647
746
648
747
649
748
650
749
651
750
652
751
653
752
654
753
655
754
656
755
657
756
658
757
659
758
660
759
661
760
662
761
663
762
664
763
665
764
666
765
667
766
668
767
669
768
670
769
671
770
672
771
673
772
674
773
675
774
676
775
677
776
678
777
679
778
680
779
681
780
682
781
683
782
684
783
685
784
686
785
687
786
688
787
689
788
690
789
691
790
692
791
693
792
694
793
695
794
696
795
697
796
698
797
699
798
799
701
800
702
801
703
802
704
803
705
804
706
805
707
806
708
807
709
808
710
809
711
810
712
811
713
812
714
813
715
814
716
815
717
816
718
817
719
818
720
819
721
820
722
821
723
822
724
823
725
824
726
825
727
826
728
827
729
828
730
829
731
830
732
831
733
832
734
833
735
834
736
835
737
836
738
837
739
838
740
839
741
840
742
841
743
842
744
843
745
844
746
845
747
846
748
847
749
848
750
849
751
850
752
851
753
852
754
853
755
854
756
855
757
856
758
857
759
858
760
859
761
860
762
861
763
862
764
863
765
864
766
865
767
866
768
867
769
868
770
869
771
870
772
871
773
872
774
873
775
874
776
875
777
876
778
877
779
878
780
879
781
880
782
881
783
882
784
883
785
884
786
885
787
886
788
887
789
888
790
889
791
890
792
891
793
892
794
893
795
894
796
895
797
896
798
897
799
898
899
801
900
802
901
803
902
804
903
805
904
806
905
807
906
808
907
809
908
810
909
811
910
812
911
813
912
814
913
815
914
816
915
817
916
818
917
819
918
820
919
821
920
822
921
823
922
824
923
825
924
826
925
827
926
828
927
829
928
830
929
831
930
832
931
833
932
834
933
835
934
836
935
837
936
838
937
839
938
840
939
841
940
842
941
843
942
844
943
845
944
846
945
847
946
848
947
849
948
850
949
851
950
852
951
853
952
854
953
855
954
856
955
857
956
858
957
859
958
860
959
861
960
862
961
863
962
864
963
865
964
866
965
867
966
868
967
869
968
870
969
871
970
872
971
873
972
874
973
875
974
876
975
877
976
878
977
879
978
880
979
881
980
882
981
883
982
884
983
885
984
886
985
887
986
888
987
889
988
890
989
891
990
892
991
893
992
894
993
895
994
896
995
897
996
898
997
899
998
999
901
1000
902
1001
903
1002
904
1003
905
1004
906
1005
907
1006
908
1007
909
1008
910
1009
911
1010
912
1011
913
1012
914
1013
915
1014
916
1015
917
1016
918
1017
919
1018
920
1019
921
1020
922
1021
923
1022
924
1023
925
1024
926
1025
927
1026
928
1027
929
1028
930
1029
931
1030
932
1031
933
1032
934
1033
935
1034
936
1035
937
1036
938
1037
939
1038
940
1039
941
1040
942
1041
943
1042
944
1043
945
1044
946
1045
947
1046
948
1047
949
1048
950
1049
951
1050
952
1051
953
1052
954
1053
955
1054
956
1055
957
1056
958
1057
959
1058
960
1059
961
1060
962
1061
963
1062
964
1063
965
1064
966
1065
967
1066
968
1067
969
1068
970
1069
971
1070
972
1071
973
1072
974
1073
975
1074
976
1075
977
1076
978
1077
979
1078
980
1079
981
1080
982
1081
983
1082
984
1083
985
1084
986
1085
987
1086
988
1087
989
1088
990
1089
991
1090
992
1091
993
1092
994
1093
995
1094
996
1095
997
1096
998
1097
999
1098
1099
1001
1100
1002
1101
1003
1102
1004
1103
1005
1104
1006
1105
1007
1106
1008
1107
1009
1108
1010
1109
1011
1110
1012
1111
1013
1112
1014
1113
1015
1114
1016
1115
1017
1116
1018
1117
1019
1118
1020
1119
1021
1120
1022
1121
1023
1122
1024
1123
1025
1124
1026
1125
1027
1126
1028
1127
1029
1128
1030
1129
1031
1130
1032
1131
1033
1132
1034
1133
1035
1134
1036
1135
1037
1136
1038
1137
1039
1138
1040
1139
1041
1140
1042
1141
1043
1142
1044
1143
1045
1144
1046
1145
1047
1146
1048
1147
1049
1148
1050
1149
1051
1150
1052
1151
1053
1152
1054
1153
1055
1154
1056
1155
1057
1156
1058
1157
1059
1158
1060
1159
1061
1160
1062
1161
1063
1162
1064
1163
1065
1164
1066
1165
1067
1166
1068
1167
1069
1168
1070
1169
1071
1170
1072
1171
1073
1172
1074
1173
1075
1174
1076
1175
1077
1176
1078
1177
1079
1178
1080
1179
1081
1180
1082
1181
1083
1182
1084
1183
1085
1184
1086
1185
1087
1186
1088
1187
1089
1188
1090
1189
1091
1190
1092
1191
1093
1192
1094
1193
1095
1194
1096
1195
1097
1196
1098
1197
1099
1198
1199
1101
1200
1102
1201
1103
1202
1104
1203
1105
1204
1106
1205
1107
1206
1108
1207
1109
1208
1110
1209
1111
1210
1112
1211
1113
1212
1114
1213
1115
1214
1116
1215
1117
1216
1118
1217
1119
1218
1120
1219
1121
1220
1122
1221
1123
1222
1124
1223
1125
1224
1126
1225
1127
1226
1128
1227
1129
1228
1130
1229
1131
1230
1132
1231
1133
1232
1134
1233
1135
1234
1136
1235
1137
1236
1138
1237
1139
1238
1140
1239
1141
1240
1142
1241
1143
1242
1144
1243
1145
1244
1146
1245
1147
1246
1148
1247
1149
1248
1150
1249
1151
1250
1152
1251
1153
1252
1154
1253
1155
1254
1156
1255
1157
1256
1158
1257
1159
1258
1160
1259
1161
1260
1162
1261
1163
1262
1164
1263
1165
1264
1166
1265
1167
1266
1168
1267
1169
1268
1170
1269
1171
1270
1172
1271
1173
1272
1174
1273
1175
1274
1176
1275
1177
1276
1178
1277
1179
1278
1180
1279
1181
1280
1182
1281
1183
1282
1184
1283
1185
1284
1186
1285
1187
1286
1188
1287
1189
1288
1190
1289
1191
1290
1192
1291
1193
1292
1194
1293
1195
1294
1196
1295
1197
1296
1198
1297
1199
1298
1299
1201
1300
1202
1301
1203
1302
1204
1303
1205
1304
1206
1305
1207
1306
1208
1307
1209
1308
1210
1309
1211
1310
1212
1311
1213
1312
1214
1313
1215
1314
1216
1315
1217
1316
1218
1317
1219
1318
1220
1319
1221
1320
1222
1321
1223
1322
1224
1323
1225
1324
1226
1325
1227
1326
1228
1327
1229
1328
1230
1329
1231
1330
1232
1331
1233
1332
1234
1333
1235
1334
1236
1335
1237
1336
1238
1337
1239
1338
1240
1339
1241
1340
1242
1341
1243
1342
1244
1343
1245
1344
1246
1345
1247
1346
1248
1347
1249
1348
1250
1349
1251
1350
1252
1351
1253
1352
1254
1353
1255
1354
1256
1355
1257
1356
1258
1357
1259
1358
1260
1359
1261
1360
1262
1361
1263
1362
1264
1363
1265
1364
1266
1365
1267
1366
1268
1367
1269
1368
1270
1369
1271
1370
1272
1371
1273
1372
1274
1373
1275
1374
1276
1375
1277
1376
1278
1377
1279
1378
1280
1379
1281
1380
1282
1381
1283
1382
1284
1383
1285
1384
1286
1385
1287
1386
1288
1387
1289
1388
1290
1389
1291
1390
1292
1391
1293
1392
1294
1393
1295
1394
1296
1395
1297
1396
1298
1397
1299
1398
1399
1301
1400
1302
1401
1303
1402
1304
1403
1305
1404
1306
1405
1307
1406
1308
1407
1309
1408
1310
1409
1311
1410
1312
1411
1313
1412
1314
1413
1315
1414
1316
1415
1317
1416
1318
1417
1319
1418
1320
1419
1321
1420
1322
1421
1323
1422
1324
1423
1325
1424
1326
1425
1327
1426
1328
1427
1329
1428
1330
1429
1331
1430
1332
1431
1333
1432
1334
1433
1335
1434
1336
1435
1337
1436
1338
1437
1339
1438
1340
1439
1341
1440
1342
1441
1343
1442
1344
1443
1345
1444
1346
1445
1347
1446
1348
1447
1349
1448
1350
1449
1351
1450
1352
1451
1353
1452
1354
1453
1355
1454
1356
1455
1357
1456
1358
1457
1359
1458
1360
1459
1361
1460
1362
1461
1363
1462
1364
1463
1365
1464
1366
1465
1367
1466
1368
1467
1369
1468
1370
1469
1371
1470
1372
1471
1373
1472
1374
1473
1375
1474
1376
1475
1377
1476
1378
1477
1379
1478
1380
1479
1381
1480
1382
1481
1383
1482
1384
1483
1385
1484
1386
1485
1387
1486
1388
1487
1389
1488
1390
1489
1391
1490
1392
1491
1393
1492
1394
1493
1395
1494
1396
1495
1397
1496
1398
1497
1399
1498
1499
1401
1500
1402
1501
1403
1502
1404
1503
1405
1504
1406
1505
1407
1506
1408
1507
1409
1508
1410
1509
1411
1510
1412
1511
1413
1512
1414
1513
1415
1514
1416
1515
1417
1516
1418
1517
1419
1518
1420
1519
1421
1520
1422
1521
1423
1522
1424
1523
1425
1524
1426
1525
1427
1526
1428
1527
1429
1528
1430
1529
1431
1530
1432
1531
1433
1532
1434
1533
1435
1534
1436
1535
1437
1536
1438
1537
1439
1538
1440
1539
1441
1540
1442
1541
1443
1542
1444
1543
1445
1544
1446
1545
1447
1546
1448
1547
1449
1548
1450
1549
1451
1550
1452
1551
1453
1552
1454
1553
1455
1554
1456
1555
1457
1556
1458
1557
1459
1558
1460
1559
1461
1560
1462
1561
1463
1562
1464
1563
1465
1564
1466
1565
1467
1566
1468
1567
1469
1568
1470
1569
1471
1570
1472
1571
1473
1572
1474
1573
1475
1574
1476
1575
1477
1576
1478
1577
1479
1578
1480
1579
1481
1580
1482
1581
1483
1582
1484
1583
1485
1584
1486
1585
1487
1586
1488
1587
1489
1588
1490
1589
1491
1590
1492
1591
1493
1592
1494
1593
1495
1594
1496
1595
1497
1596
1498
1597
1499
1598
1599
1501
1600
1502
1601
1503
1602
1504
1603
1505
1604
1506
1605
1507
1606
1508
1607
1509
1608
1510
1609
1511
1610
1512
1611
1513
1612
1514
1613
1515
1614
1516
1615
1517
1616
1518
1617
1519
1618
1520
1619
1521
1620
1522
1621
1523
1622
1524
1623
1525
1624
1526
1625
1527
1626
1528
1627
1529
1628
1530
1629
1531
1630
1532
1631
1533
1632
1534
1633
1535
1634
1536
1635
1537
1636
1538
1637
1539
1638
1540
1639
1541
1640
1542
1641
1543
1642
1544
1643
1545
1644
1546
1645
1547
1646
1548
1647
1549
1648
1550
1649
1551
1650
1552
1651
1553
1652
1554
1653
1555
1654
1556
1655
1557
1656
1558
1657
1559
1658
1560
1659
1561
1660
1562
1661
1563
1662
1564
1663
1565
1664
1566
1665
1567
1666
1568
1667
1569
1668
1570
1669
1571
1670
1572
1671
1573
1672
1574
1673
1575
1674
1576
1675
1577
1676
1578
1677
1579
1678
1580
1679
1581
1680
1582
1681
1583
1682
1584
1683
1585
1684
1586
1685
1587
1686
1588
1687
1589
1688
1590
1689
1591
1690
1592
1691
1593
1692
1594
1693
1595
1694
1596
1695
1597
1696
1598
1697
1599
1698
1699
1601
1700
1602
1701
1603
1702
1604
1703
1605
1704
1606
1705
1607
1706
1608
1707
1609
1708
1610
1709
1611
1710
1612
1711
1613
1712
1614
1713
1615
1714
1616
1715
1617
1716
1618
1717
1619
1718
1620
1719
1621
1720
1622
1721
1623
1722
1624
1723
1625
1724
1626
1725
1627
1726
1628
1727
1629
1728
1630
1729
1631
1730
1632
1731
1633
1732
1634
1733
1635
1734
1636
1735
1637
1736
1638
1737
1639
1738
1640
1739
1641
1740
1642
1741
1643
1742
1644
1743
1645
1744
1646
1745
1647
1746
1648
1747
1649
1748
1650
1749
1651
1750
1652
1751
1653
1752
1654
1753
1655
1754
1656
1755
1657
1756
1658
1757
1659
1758
1660
1759
1661
1760
1662
1761
1663
1762
1664
1763
1665
1764
1666
1765
1667
1766
1668
1767
1669
1768
1670
1769
1671
1770
1672
1771
1673
1772
1674
1773
1675
1774
1676
1775
1677
1776
1678
1777
1679
1778
1680
1779
1681
1780
1682
1781
1683
1782
1684
1783
1685
1784
1686
1785
1687
1786
1688
1787
1689
1788
1690
1789
1691
1790
1692
1791
1693
1792
1694
1793
1695
1794
1696
1795
1697
1796
1698
1797
1699
1798
1799
1701
1800
1702
1801
1703
1802
1704
1803
1705
1804
1706
1805
1707
1806
1708
1807
1709
1808
1710
1809
1711
1810
1712
1811
1713
1812
1714
1813
1715
1814
1716
1815
1717
1816
1718
1817
1719
1818
1720
1819
1721
1820
1722
1821
1723
1822
1724
1823
1725
1824
1726
1825
1727
1826
1728
1827
1729
1828
1730
1829
1731
1830
1732
1831
1733
1832
1734
1833
1735
1834
1736
1835
1737
1836
1738
1837
1739
1838
1740
1839
1741
1840
1742
1841
1743
1842
1744
1843
1745
1844
1746
1845
1747
1846
1748
1847
1749
1848
1750
1849
1751
1850
1752
1851
1753
1852
1754
1853
1755
1854
1756
1855
1757
1856
1758
1857
1759
1858
1760
1859
1761
1860
1762
1861
1763
1862
1764
1863
1765
1864
1766
1865
1767
1866
1768
1867
1769
1868
1770
1869
1771
1870
1772
1871
1773
1872
1774
1873
1775
1874
1776
1875
1777
1876
1778
1877
1779
1878
1780
1879
1781
1880
1782
1881
1783
1882
1784
1883
1785
1884
1786
1885
1787
1886
1788
1887
1789
1888
1790
1889
1791
1890
1792
1891
1793
1892
1794
1893
1795
1894
1796
1895
1797
1896
1798
1897
1799
1898
1899
1801
1900
1802
1901
1803
1902
1804
1903
1805
1904
1806
1905
1807
1906
1808
1907
1809
1908
1810
1909
1811
1910
1812
1911
1813
1912
1814
1913
1815
1914
1816
1915
1817
1916
1818
1917
1819
1918
1820
1919
1821
1920
1822
1921
1823
1922
1824
1923
1825
1924
1826
1925
1827
1926
1828
1927
1829
1928
1830
1929
1831
1930
1832
1931
1833
1932
1834
1933
1835
1934
1836
1935
1837
1936
1838
1937
1839
1938
1840
1939
1841
1940
1842
1941
1843
1942
1844
1943
1845
1944
1846
1945
1847
1946
1848
1947
1849
1948
1850
1949
1851
1950
1852
1951
1853
1952
1854
1953
1855
1954
1856
1955
1857
1956
1858
1957
1859
1958
1860
1959
1861
1960
1862
1961
1863
1962
1864
1963
1865
1964
1866
1965
1867
1966
1868
1967
1869
1968
1870
1969
1871
1970
1872
1971
1873
1972
1874
1973
1875
1974
1876
1975
1877
1976
1878
1977
1879
1978
1880
1979
1881
1980
1882
1981
1883
1982
1884
1983
1885
1984
1886
1985
1887
1986
1888
1987
1889
1988
1890
1989
1891
1990
1892
1991
1893
1992
1894
1993
1895
1994
1896
1995
1897
1996
1898
1997
1899
1998
1999
1901
2000
1902
2001
1903
2002
1904
2003
1905
2004
1906
2005
1907
2006
1908
2007
1909
2008
1910
2009
1911
2010
1912
2011
1913
2012
1914
2013
1915
2014
1916
2015
1917
2016
1918
2017
1919
2018
1920
2019
1921
2020
1922
2021
1923
2022
1924
2023
1925
2024
1926
2025
1927
2026
1928
2027
1929
2028
1930
2029
1931
2030
1932
2031
1933
2032
1934
2033
1935
2034
1936
2035
1937
2036
1938
2037
1939
2038
1940
2039
1941
2040
1942
2041
1943
2042
1944
2043
1945
2044
1946
2045
1947
2046
1948
2047
1949
2048
1950
2049
1951
2050
1952
2051
1953
2052
1954
2053
1955
2054
1956
2055
1957
2056
1958
2057
1959
2058
1960
2059
1961
2060
1962
2061
1963
2062
1964
2063
1965
2064
1966
2065
1967
2066
1968
2067
1969
2068
1970
2069
1971
2070
1972
2071
1973
2072
1974
2073
1975
2074
1976
2075
1977
2076
1978
2077
1979
2078
1980
2079
1981
2080
1982
2081
1983
2082
1984
2083
1985
2084
1986
2085
1987
2086
1988
2087
1989
2088
1990
2089
1991
2090
1992
2091
1993
2092
1994
2093
1995
2094
1996
2095
1997
2096
1998
2097
1999
2098
2099
2001
2100
2002
2101
2003
2102
2004
2103
2005
2104
2006
2105
2007
2106
2008
2107
2009
2108
2010
2109
2011
2110
2012
2111
2013
2112
2014
2113
2015
2114
2016
2115
2017
2116
2018
2117
2019
2118
2020
2119
2021
2120
2022
2121
2023
2122
2024
2123
2025
2124
2026
2125
2027
2126
2028
2127
2029
2128
2030
2129
2031
2130
2032
2131
2033
2132
2034
2133
2035
2134
2036
2135
2037
2136
2038
2137
2039
2138
2040
2139
2041
2140
2042
2141
2043
2142
2044
2143
2045
2144
2046
2145
2047
2146
2048
2147
2049
2148
2050
2149
2051
2150
2052
2151
2053
2152
2054
2153
2055
2154
2056
2155
2057
2156
2058
2157
2059
2158
2060
2159
2061
2160
2062
2161
2063
2162
2064
2163
2065
2164
2066
2165
2067
2166
2068
2167
2069
2168
2070
2169
2071
2170
2072
2171
2073
2172
2074
2173
2075
2174
2076
2175
2077
2176
2078
2177
2079
2178
2080
2179
2081
2180
2082
2181
2083
2182
2084
2183
2085
2184
2086
2185
2087
2186
2088
2187
2089
2188
2090
2189
2091
2190
2092
2191
2093
2192
2094
2193
2095
2194
2096
2195
2097
2196
2098
2197
2099
2198
2199
2101
2200
2102
2201
2103
2202
2104
2203
2105
2204
2106
2205
2107
2206
2108
2207
2109
2208
2110
2209
2111
2210
2112
2211
2113
2212
2114
2213
2115
2214
2116
2215
2117
2216
2118
2217
2119
2218
2120
2219
2121
2220
2122
2221
2123
2222
2124
2223
2125
2224
2126
2225
2127
2226
2128
2227
2129
2228
2130
2229
2131
2230
2132
2231
2133
2232
2134
2233
2135
2234
2136
2235
2137
2236
2138
2237
2139
2238
2140
2239
2141
2240
2142
2241
2143
2242
2144
2243
2145
2244
2146
2245
2147
2246
2148
2247
2149
2248
2150
2249
2151
2250
2152
2251
2153
2252
2154
2253
2155
2254
2156
2255
2157
2256
2158
2257
2159
2258
2160
2259
2161
2260
2162
2261
2163
2262
2164
2263
2165
2264
2166
2265
2167
2266
2168
2267
2169
2268
2170
2269
2171
2270
2172
2271
2173
2272
2174
2273
2175
2274
2176
2275
2177
2276
2178
2277
2179
2278
2180
2279
2181
2280
2182
2281
2183
2282
2184
2283
2185
2284
2186
2285
2187
2286
2188
2287
2189
2288
2190
2289
2191
2290
2192
2291
2193
2292
2194
2293
2195
2294
2196
2295
2197
2296
2198
2297
2199
2298
2299
2201
2300
2202
2301
2203
2302
2204
2303
2205
2304
2206
2305
2207
2306
2208
2307
2209
2308
2210
2309
2211
2310
2212
2311
2213
2312
2214
2313
2215
2314
2216
2315
2217
2316
2218
2317
2219
2318
2220
2319
2221
2320
2222
2321
2223
2322
2224
2323
2225
2324
2226
2325
2227
2326
2228
2327
2229
2328
2230
2329
2231
2330
2232
2331
2233
2332
2234
2333
2235
2334
2236
2335
2237
2336
2238
2337
2239
2338
2240
2339
2241
2340
2242
2341
2243
2342
2244
2343
2245
2344
2246
2345
2247
2346
2248
2347
2249
2348
2250
2349
2251
2350
2252
2351
2253
2352
2254
2353
2255
2354
2256
2355
2257
2356
2258
2357
2259
2358
2260
2359
2261
2360
2262
2361
2263
2362
2264
2363
2265
2364
2266
2365
2267
2366
2268
2367
2269
2368
2270
2369
2271
2370
2272
2371
2273
2372
2274
2373
2275
2374
2276
2375
2277
2376
2278
2377
2279
2378
2280
2379
2281
2380
2282
2381
2283
2382
2284
2383
2285
2384
2286
2385
2287
2386
2288
2387
2289
2388
2290
2389
2291
2390
2292
2391
2293
2392
2294
2393
2295
2394
2296
2395
2297
2396
2298
2397
2299
2398
2399
2301
2302
2303
2304
2305
2306
2307
2308
2309
2310
2311
2312
2313
2314
2315
2316
2317
2318
2319
2320
2321
2322
2323
2324
2325
2326
2327
2328
2329
2330
2331
2332
2333
2334
2335
2336
2337
2338
2339
2340
2341
2342
2343
2344
2345
2346
2347
2348
2349
2350
2351
2352
2353
2354
2355
2356
2357
2358
2359
2360
2361
2362
2363
2364
2365
2366
2367
2368
2369
2370
2371
2372
2373
2374
2375
2376
2377
2378
2379
2380
2381
2382
2383
2384
2385
2386
2387
2388
2389
2390
2391
2392
2393
2394
2395
2396
2397
2398
2399
)


// ************************************************************************* //
