/*--------------------------------*- C++ -*----------------------------------*\
| =========                 |                                                 |
| \\      /  F ield         | OpenFOAM: The Open Source CFD Toolbox           |
|  \\    /   O peration     | Version:  v2012                                 |
|   \\  /    A nd           | Website:  www.openfoam.com                      |
|    \\/     M anipulation  |                                                 |
\*---------------------------------------------------------------------------*/
FoamFile
{
    version     2.0;
    format      ascii;
    class       surfaceScalarField;
    location    "0.2";
    object      phi;
}
// * * * * * * * * * * * * * * * * * * * * * * * * * * * * * * * * * * * * * //

dimensions      [0 3 -1 0 0 0 0];
oriented        oriented;


internalField   nonuniform List<scalar> 
4660
(
1.99014e-05
3.27667e-09
1.99018e-05
-1.30364e-08
1.99012e-05
-4.74565e-09
1.99005e-05
7.71761e-09
1.98987e-05
2.02139e-08
1.9898e-05
1.72115e-08
1.98981e-05
4.56671e-09
1.98989e-05
-9.77702e-09
1.98999e-05
-1.83569e-08
1.99004e-05
-1.95174e-08
1.99007e-05
-1.51824e-08
1.99006e-05
-8.81928e-09
1.99e-05
-2.15298e-09
1.98983e-05
3.41416e-09
1.98954e-05
8.03841e-09
1.98915e-05
1.07736e-08
1.98869e-05
1.24354e-08
1.98822e-05
1.31373e-08
1.98777e-05
1.27289e-08
1.19925e-08
1.98736e-05
2.16613e-05
1.7955e-09
2.16575e-05
-9.25188e-09
2.16583e-05
-5.52094e-09
2.16579e-05
8.07164e-09
2.16611e-05
1.70342e-08
2.16632e-05
1.50713e-08
2.16635e-05
4.27425e-09
2.16615e-05
-7.78284e-09
2.16581e-05
-1.48752e-08
2.16539e-05
-1.53838e-08
2.16502e-05
-1.14333e-08
2.1647e-05
-5.59636e-09
2.16445e-05
3.46443e-10
2.16423e-05
5.56467e-09
2.16407e-05
9.67173e-09
2.16401e-05
1.13901e-08
2.16404e-05
1.2111e-08
2.16414e-05
1.21611e-08
2.16426e-05
1.15214e-08
1.07609e-08
2.16438e-05
2.35764e-05
-7.90644e-11
2.35719e-05
-4.77843e-09
2.35721e-05
-5.76594e-09
2.3573e-05
7.24818e-09
2.3576e-05
1.40233e-08
2.35786e-05
1.24275e-08
2.35789e-05
3.99516e-09
2.35767e-05
-5.56235e-09
2.35726e-05
-1.08108e-08
2.35677e-05
-1.0426e-08
2.35632e-05
-6.96599e-09
2.35599e-05
-2.31909e-09
2.3558e-05
2.28953e-09
2.35573e-05
6.21366e-09
2.35579e-05
9.05309e-09
2.35586e-05
1.07613e-08
2.35594e-05
1.12481e-08
2.35602e-05
1.13463e-08
2.35608e-05
1.09987e-08
1.03108e-08
2.35612e-05
2.56595e-05
-1.13268e-09
2.56569e-05
-2.15922e-09
2.5655e-05
-3.92627e-09
2.56584e-05
3.93618e-09
2.566e-05
1.24079e-08
2.5661e-05
1.13449e-08
2.5661e-05
4.03488e-09
2.5659e-05
-3.51217e-09
2.56555e-05
-7.39607e-09
2.56517e-05
-6.61736e-09
2.56484e-05
-3.59339e-09
2.56459e-05
1.15226e-10
2.56445e-05
3.68249e-09
2.5644e-05
6.77961e-09
2.56439e-05
9.13909e-09
2.56441e-05
1.05825e-08
2.56444e-05
1.08982e-08
2.5645e-05
1.07356e-08
2.56458e-05
1.02641e-08
9.70383e-09
2.56464e-05
2.79271e-05
-1.59928e-09
2.79261e-05
-1.1432e-09
2.79226e-05
-4.38257e-10
2.79256e-05
9.20248e-10
2.79287e-05
9.33426e-09
2.79291e-05
1.08775e-08
2.79287e-05
4.44434e-09
2.79271e-05
-1.89564e-09
2.79238e-05
-4.13317e-09
2.792e-05
-2.81466e-09
2.79168e-05
-3.47146e-10
2.79146e-05
2.28929e-09
2.79134e-05
4.86914e-09
2.7913e-05
7.18614e-09
2.79131e-05
9.0278e-09
2.79136e-05
1.00941e-08
2.79143e-05
1.01828e-08
2.79152e-05
9.83151e-09
2.7916e-05
9.45766e-09
9.09406e-09
2.79167e-05
3.03948e-05
-1.14643e-09
3.03955e-05
-1.80922e-09
3.03923e-05
2.74692e-09
3.03931e-05
1.16656e-10
3.03973e-05
5.14737e-09
3.03974e-05
1.07254e-08
3.03955e-05
6.34325e-09
3.03941e-05
-4.35984e-10
3.03921e-05
-2.14976e-09
3.03893e-05
-3.26723e-11
3.03867e-05
2.2394e-09
3.03851e-05
3.95297e-09
3.03843e-05
5.63966e-09
3.0384e-05
7.4636e-09
3.03841e-05
8.91465e-09
3.03846e-05
9.66013e-09
3.03852e-05
9.59737e-09
3.03857e-05
9.25351e-09
3.03862e-05
9.0148e-09
8.70506e-09
3.03866e-05
3.30813e-05
-3.13813e-10
3.30824e-05
-2.87681e-09
3.30804e-05
4.72948e-09
3.3079e-05
1.55327e-09
3.30826e-05
1.58253e-09
3.30847e-05
8.60158e-09
3.30827e-05
8.27184e-09
3.30804e-05
1.88847e-09
3.3079e-05
-7.22139e-10
3.3077e-05
1.922e-09
3.30747e-05
4.61719e-09
3.3073e-05
5.59894e-09
3.30724e-05
6.23312e-09
3.30725e-05
7.38364e-09
3.30728e-05
8.57507e-09
3.30732e-05
9.26076e-09
3.30737e-05
9.18103e-09
3.30741e-05
8.77457e-09
3.30747e-05
8.50105e-09
8.25672e-09
3.30751e-05
3.60057e-05
5.73313e-10
3.60062e-05
-3.36607e-09
3.60062e-05
4.73894e-09
3.6004e-05
3.75067e-09
3.60054e-05
1.96781e-10
3.60082e-05
5.76918e-09
3.60071e-05
9.37058e-09
3.60042e-05
4.80948e-09
3.60026e-05
8.70047e-10
3.60019e-05
2.55759e-09
3.60007e-05
5.87004e-09
3.59993e-05
6.98177e-09
3.59987e-05
6.83393e-09
3.59989e-05
7.23171e-09
3.59992e-05
8.23864e-09
3.59995e-05
8.9502e-09
3.59997e-05
8.99172e-09
3.6e-05
8.45513e-09
3.60005e-05
8.0509e-09
7.83038e-09
3.60009e-05
3.9189e-05
1.12023e-09
3.91886e-05
-2.98251e-09
3.91895e-05
3.78782e-09
3.91877e-05
5.56229e-09
3.91871e-05
8.19458e-10
3.91896e-05
3.29192e-09
3.91903e-05
8.59223e-09
3.9188e-05
7.1578e-09
3.91857e-05
3.13769e-09
3.91851e-05
3.1407e-09
3.91848e-05
6.21501e-09
3.91839e-05
7.87503e-09
3.91831e-05
7.6532e-09
3.91831e-05
7.27106e-09
3.91835e-05
7.76224e-09
3.9184e-05
8.44212e-09
3.91844e-05
8.63771e-09
3.91846e-05
8.24898e-09
3.9185e-05
7.69239e-09
7.41611e-09
3.91854e-05
4.26536e-05
1.32624e-09
4.26525e-05
-1.84947e-09
4.26537e-05
2.54902e-09
4.26532e-05
6.09724e-09
4.26515e-05
2.45348e-09
4.26526e-05
2.26743e-09
4.2654e-05
7.1359e-09
4.26528e-05
8.35147e-09
4.26506e-05
5.34051e-09
4.26497e-05
4.03308e-09
4.265e-05
5.97558e-09
4.26499e-05
7.97551e-09
4.26494e-05
8.15374e-09
4.26491e-05
7.52561e-09
4.26494e-05
7.44369e-09
4.265e-05
7.8843e-09
4.26504e-05
8.20254e-09
4.26507e-05
8.00249e-09
4.26509e-05
7.48165e-09
7.06821e-09
4.26512e-05
4.64244e-05
1.2744e-09
4.64231e-05
-6.23521e-10
4.64239e-05
1.81506e-09
4.64242e-05
5.82965e-09
4.64226e-05
3.96727e-09
4.64224e-05
2.53244e-09
4.64238e-05
5.7268e-09
4.64239e-05
8.19515e-09
4.64224e-05
6.8584e-09
4.64212e-05
5.23239e-09
4.64213e-05
5.93119e-09
4.64216e-05
7.60042e-09
4.64216e-05
8.20056e-09
4.64214e-05
7.75147e-09
4.64215e-05
7.31956e-09
4.6422e-05
7.41824e-09
4.64225e-05
7.62477e-09
4.6423e-05
7.56795e-09
4.64233e-05
7.18575e-09
6.74903e-09
4.64236e-05
5.05283e-05
1.09904e-09
5.05273e-05
4.61367e-10
5.05274e-05
1.66896e-09
5.05282e-05
5.03343e-09
5.05273e-05
4.82502e-09
5.05264e-05
3.43134e-09
5.05271e-05
5.01297e-09
5.05279e-05
7.45012e-09
5.05273e-05
7.47451e-09
5.05263e-05
6.22934e-09
5.05261e-05
6.09781e-09
5.05266e-05
7.10795e-09
5.0527e-05
7.81743e-09
5.05271e-05
7.6716e-09
5.05272e-05
7.2292e-09
5.05276e-05
7.02684e-09
5.05281e-05
7.06833e-09
5.05286e-05
7.05124e-09
5.0529e-05
6.80359e-09
6.43079e-09
5.05293e-05
5.49949e-05
9.33846e-10
5.49942e-05
1.16237e-09
5.4994e-05
1.85467e-09
5.49948e-05
4.3266e-09
5.49945e-05
5.07665e-09
5.49937e-05
4.25219e-09
5.49938e-05
4.84943e-09
5.49947e-05
6.63854e-09
5.49948e-05
7.32872e-09
5.49943e-05
6.70963e-09
5.49941e-05
6.31089e-09
5.49945e-05
6.7191e-09
5.4995e-05
7.26704e-09
5.49954e-05
7.32836e-09
5.49956e-05
7.01688e-09
5.49959e-05
6.71054e-09
5.49964e-05
6.56399e-09
5.4997e-05
6.47913e-09
5.49975e-05
6.28695e-09
5.99233e-09
5.4998e-05
5.98563e-05
8.02657e-10
5.9856e-05
1.54258e-09
5.98557e-05
2.13561e-09
5.98562e-05
3.82693e-09
5.98564e-05
4.8879e-09
5.98559e-05
4.68965e-09
5.98559e-05
4.89824e-09
5.98565e-05
6.01502e-09
5.9857e-05
6.80632e-09
5.98571e-05
6.6809e-09
5.9857e-05
6.35113e-09
5.98574e-05
6.39319e-09
5.98579e-05
6.67502e-09
5.98585e-05
6.764e-09
5.98589e-05
6.57967e-09
5.98594e-05
6.2981e-09
5.98599e-05
6.06681e-09
5.98604e-05
5.90733e-09
5.9861e-05
5.73496e-09
5.50101e-09
5.98615e-05
6.51475e-05
7.1519e-10
6.51474e-05
1.67239e-09
6.51472e-05
2.31114e-09
6.51475e-05
3.48589e-09
6.51479e-05
4.50332e-09
6.51479e-05
4.71874e-09
6.51479e-05
4.87962e-09
6.51484e-05
5.51837e-09
6.51491e-05
6.14339e-09
6.51495e-05
6.25924e-09
6.51498e-05
6.08542e-09
6.51502e-05
5.99827e-09
6.51508e-05
6.06639e-09
6.51514e-05
6.11341e-09
6.5152e-05
6.00366e-09
6.51525e-05
5.78505e-09
6.5153e-05
5.54917e-09
6.51536e-05
5.33887e-09
6.51542e-05
5.13743e-09
4.92059e-09
6.51548e-05
7.09064e-05
6.43891e-10
7.09064e-05
1.63472e-09
7.09064e-05
2.31814e-09
7.09067e-05
3.18127e-09
7.09072e-05
4.02346e-09
7.09075e-05
4.43029e-09
7.09078e-05
4.63138e-09
7.09083e-05
5.00493e-09
7.0909e-05
5.42754e-09
7.09096e-05
5.60267e-09
7.09102e-05
5.5522e-09
7.09107e-05
5.46269e-09
7.09114e-05
5.4287e-09
7.09121e-05
5.40457e-09
7.09128e-05
5.30575e-09
7.09134e-05
5.12737e-09
7.09141e-05
4.91431e-09
7.09147e-05
4.70251e-09
7.09153e-05
4.50087e-09
4.30744e-09
7.09159e-05
7.71744e-05
5.66181e-10
7.71746e-05
1.47981e-09
7.71748e-05
2.14438e-09
7.71751e-05
2.81365e-09
7.71757e-05
3.46544e-09
7.71762e-05
3.89746e-09
7.71767e-05
4.13971e-09
7.71773e-05
4.38098e-09
7.71781e-05
4.64097e-09
7.71789e-05
4.80121e-09
7.71797e-05
4.81444e-09
7.71804e-05
4.74617e-09
7.71811e-05
4.67116e-09
7.71819e-05
4.599e-09
7.71827e-05
4.50102e-09
7.71835e-05
4.36383e-09
7.71842e-05
4.19859e-09
7.71849e-05
4.02134e-09
7.71856e-05
3.84072e-09
3.64997e-09
7.71862e-05
8.39965e-05
4.67102e-10
8.39968e-05
1.22693e-09
8.39971e-05
1.80361e-09
8.39976e-05
2.32578e-09
8.39983e-05
2.81105e-09
8.3999e-05
3.17919e-09
8.39997e-05
3.41853e-09
8.40005e-05
3.59983e-09
8.40014e-05
3.75865e-09
8.40023e-05
3.86616e-09
8.40032e-05
3.89486e-09
8.40041e-05
3.85997e-09
8.4005e-05
3.79479e-09
8.40059e-05
3.7163e-09
8.40068e-05
3.62192e-09
8.40076e-05
3.50556e-09
8.40084e-05
3.36913e-09
8.40092e-05
3.22032e-09
8.401e-05
3.06671e-09
2.91661e-09
8.40107e-05
9.14217e-05
3.4796e-10
9.1422e-05
8.98546e-10
9.14225e-05
1.32566e-09
9.14231e-05
1.70264e-09
9.14239e-05
2.04193e-09
9.14248e-05
2.31344e-09
9.14257e-05
2.50597e-09
9.14266e-05
2.64295e-09
9.14277e-05
2.74533e-09
9.14287e-05
2.81165e-09
9.14298e-05
2.83433e-09
9.14308e-05
2.81728e-09
9.14318e-05
2.77341e-09
9.14328e-05
2.71338e-09
9.14338e-05
2.64091e-09
9.14348e-05
2.55596e-09
9.14357e-05
2.45939e-09
9.14365e-05
2.35402e-09
9.14374e-05
2.2435e-09
2.12749e-09
9.14382e-05
9.95033e-05
9.95037e-05
9.95044e-05
9.95052e-05
9.95061e-05
9.95071e-05
9.95082e-05
9.95094e-05
9.95106e-05
9.95118e-05
9.9513e-05
9.95142e-05
9.95154e-05
9.95165e-05
9.95177e-05
9.95187e-05
9.95198e-05
9.95208e-05
9.95217e-05
9.95226e-05
1.98611e-05
1.2474e-08
1.98473e-05
1.38312e-08
1.98314e-05
1.5944e-08
1.98133e-05
1.80294e-08
1.97938e-05
1.94967e-08
1.97732e-05
2.06701e-08
1.97516e-05
2.15807e-08
1.97297e-05
2.19189e-08
1.97077e-05
2.20131e-08
1.96852e-05
2.24433e-08
1.96621e-05
2.31462e-08
1.96382e-05
2.38574e-08
1.96137e-05
2.44882e-08
1.95887e-05
2.50648e-08
1.95632e-05
2.54835e-08
1.95375e-05
2.56524e-08
1.95119e-05
2.55922e-08
1.94865e-05
2.54739e-08
1.9461e-05
2.54725e-08
1.94352e-05
2.57535e-08
1.94088e-05
2.64338e-08
1.93814e-05
2.73622e-08
1.93531e-05
2.83498e-08
1.93237e-05
2.93597e-08
1.92936e-05
3.01397e-08
1.92633e-05
3.02826e-08
1.92333e-05
2.99568e-08
1.92034e-05
2.9921e-08
1.91729e-05
3.0555e-08
1.91414e-05
3.14694e-08
1.91092e-05
3.22428e-08
1.90762e-05
3.29128e-08
1.90427e-05
3.34953e-08
1.90089e-05
3.37984e-08
1.89749e-05
3.40445e-08
1.89402e-05
3.47367e-08
1.89045e-05
3.5667e-08
1.88684e-05
3.61391e-08
1.88321e-05
3.62715e-08
1.87952e-05
3.68991e-08
1.87571e-05
3.80711e-08
1.87183e-05
3.88201e-08
1.86796e-05
3.87227e-08
1.86409e-05
3.87208e-08
1.8601e-05
3.98307e-08
1.85594e-05
4.15979e-08
1.85169e-05
4.25001e-08
1.84751e-05
4.18185e-08
1.84345e-05
4.06581e-08
1.83935e-05
4.09234e-08
1.83501e-05
4.33912e-08
1.83033e-05
4.68169e-08
1.82545e-05
4.87725e-08
1.82072e-05
4.73018e-08
1.81652e-05
4.20217e-08
1.81312e-05
3.40677e-08
1.81059e-05
2.52566e-08
1.80887e-05
1.7195e-08
1.80779e-05
1.08031e-08
1.80716e-05
6.29795e-09
1.80682e-05
3.4319e-09
1.80664e-05
1.77081e-09
1.80655e-05
8.8749e-10
1.80651e-05
4.55132e-10
1.80648e-05
2.57437e-10
1.80646e-05
1.72962e-10
1.80645e-05
1.3388e-10
1.80644e-05
1.16552e-10
1.80643e-05
1.00478e-10
1.80642e-05
9.35966e-11
1.80641e-05
7.74412e-11
1.8064e-05
7.57686e-11
1.8064e-05
5.63692e-11
1.80639e-05
6.176e-11
1.80639e-05
3.80088e-11
1.80638e-05
5.09512e-11
1.80638e-05
2.41341e-11
1.80638e-05
4.02527e-11
1.80637e-05
1.79899e-11
1.80637e-05
2.49473e-11
1.80637e-05
2.28659e-11
1.80637e-05
2.72371e-12
1.80637e-05
3.61392e-11
1.80637e-05
-1.90375e-11
1.80636e-05
4.33955e-11
1.80637e-05
-2.22877e-11
1.80636e-05
2.68036e-11
1.80636e-05
1.47628e-12
1.80636e-05
-6.0257e-12
1.80636e-05
2.48385e-11
1.80636e-05
-1.53891e-11
1.80636e-05
1.37578e-11
1.80636e-05
7.11383e-12
1.80636e-05
-2.06842e-12
1.80636e-05
1.03146e-11
1.80636e-05
2.57969e-11
1.80636e-05
-1.26921e-11
1.80635e-05
7.47865e-11
1.80635e-05
-2.45287e-11
2.10881e-10
2.16451e-05
1.11756e-08
2.16468e-05
1.21293e-08
2.1649e-05
1.37696e-08
2.16512e-05
1.578e-08
2.16532e-05
1.75588e-08
2.16547e-05
1.91254e-08
2.16557e-05
2.055e-08
2.16561e-05
2.15102e-08
2.16563e-05
2.18769e-08
2.16567e-05
2.20317e-08
2.16574e-05
2.24198e-08
2.16583e-05
2.29567e-08
2.16593e-05
2.34694e-08
2.16604e-05
2.40402e-08
2.16612e-05
2.46541e-08
2.16617e-05
2.51428e-08
2.16619e-05
2.54005e-08
2.16619e-05
2.54992e-08
2.16617e-05
2.55895e-08
2.16616e-05
2.58887e-08
2.16615e-05
2.65342e-08
2.16615e-05
2.73694e-08
2.16616e-05
2.82672e-08
2.16617e-05
2.92504e-08
2.16618e-05
3.00664e-08
2.16617e-05
3.03463e-08
2.16614e-05
3.02811e-08
2.16608e-05
3.04595e-08
2.16603e-05
3.11083e-08
2.16598e-05
3.19624e-08
2.16593e-05
3.27439e-08
2.16588e-05
3.34538e-08
2.16581e-05
3.41069e-08
2.16574e-05
3.45567e-08
2.16565e-05
3.49326e-08
2.16556e-05
3.56363e-08
2.16547e-05
3.65562e-08
2.16537e-05
3.71338e-08
2.16525e-05
3.74349e-08
2.16513e-05
3.81406e-08
2.16501e-05
3.92779e-08
2.16489e-05
4.00199e-08
2.16476e-05
4.00616e-08
2.1646e-05
4.02811e-08
2.16443e-05
4.15043e-08
2.16428e-05
4.31729e-08
2.16414e-05
4.38829e-08
2.164e-05
4.31652e-08
2.16384e-05
4.22689e-08
2.16364e-05
4.2965e-08
2.16341e-05
4.56735e-08
2.16321e-05
4.88016e-08
2.16311e-05
4.98021e-08
2.16315e-05
4.69077e-08
2.16334e-05
4.01358e-08
2.16364e-05
3.10347e-08
2.164e-05
2.16695e-08
2.16435e-05
1.3666e-08
2.16465e-05
7.78589e-09
2.16488e-05
4.01621e-09
2.16503e-05
1.9035e-09
2.16512e-05
8.81782e-10
2.16516e-05
4.71056e-10
2.16517e-05
3.48593e-10
2.16517e-05
3.31569e-10
2.16515e-05
3.36942e-10
2.16513e-05
3.31686e-10
2.16511e-05
3.15623e-10
2.16509e-05
2.86647e-10
2.16508e-05
2.59027e-10
2.16506e-05
2.23586e-10
2.16505e-05
2.00309e-10
2.16504e-05
1.6585e-10
2.16503e-05
1.52471e-10
2.16502e-05
1.19288e-10
2.16501e-05
1.15897e-10
2.16501e-05
8.43325e-11
2.165e-05
8.64047e-11
2.165e-05
6.18969e-11
2.165e-05
5.83293e-11
2.16499e-05
5.33904e-11
2.16499e-05
2.81848e-11
2.16499e-05
5.58096e-11
2.16499e-05
1.14628e-12
2.16498e-05
5.51689e-11
2.16498e-05
-6.2582e-12
2.16498e-05
3.36623e-11
2.16498e-05
1.4085e-11
2.16498e-05
-2.6875e-12
2.16498e-05
3.58323e-11
2.16498e-05
-1.50961e-11
2.16498e-05
2.46797e-11
2.16498e-05
5.20704e-12
2.16498e-05
1.07189e-11
2.16498e-05
5.73785e-12
2.16498e-05
4.33791e-11
2.16498e-05
-1.75324e-11
2.16497e-05
9.72851e-11
2.16497e-05
-9.81962e-12
2.02702e-10
2.35617e-05
1.06886e-08
2.35624e-05
1.14625e-08
2.35635e-05
1.26614e-08
2.3565e-05
1.42418e-08
2.35667e-05
1.58986e-08
2.35683e-05
1.74808e-08
2.35699e-05
1.89386e-08
2.35713e-05
2.0162e-08
2.35722e-05
2.09871e-08
2.35729e-05
2.13342e-08
2.35737e-05
2.16023e-08
2.35746e-05
2.20064e-08
2.35758e-05
2.22932e-08
2.35773e-05
2.25768e-08
2.35788e-05
2.31547e-08
2.358e-05
2.38795e-08
2.3581e-05
2.44896e-08
2.35815e-05
2.49081e-08
2.35819e-05
2.51827e-08
2.35823e-05
2.55329e-08
2.35828e-05
2.60547e-08
2.35835e-05
2.66168e-08
2.35845e-05
2.72656e-08
2.35857e-05
2.81296e-08
2.35868e-05
2.89614e-08
2.35877e-05
2.94004e-08
2.35884e-05
2.96144e-08
2.35888e-05
2.99868e-08
2.35894e-05
3.05497e-08
2.35902e-05
3.11835e-08
2.35911e-05
3.18686e-08
2.35919e-05
3.25956e-08
2.35928e-05
3.32711e-08
2.35935e-05
3.37782e-08
2.35942e-05
3.4219e-08
2.3595e-05
3.48598e-08
2.35959e-05
3.5649e-08
2.35968e-05
3.62352e-08
2.35976e-05
3.66526e-08
2.35984e-05
3.73375e-08
2.35994e-05
3.82841e-08
2.36005e-05
3.89266e-08
2.36015e-05
3.9101e-08
2.36023e-05
3.94539e-08
2.36033e-05
4.05198e-08
2.36046e-05
4.18246e-08
2.36061e-05
4.2364e-08
2.36074e-05
4.18828e-08
2.36084e-05
4.1342e-08
2.36093e-05
4.19878e-08
2.3611e-05
4.40111e-08
2.36137e-05
4.61206e-08
2.36171e-05
4.63751e-08
2.36205e-05
4.34793e-08
2.36232e-05
3.75066e-08
2.36245e-05
2.96856e-08
2.36245e-05
2.16315e-08
2.36236e-05
1.46285e-08
2.36221e-05
9.30561e-09
2.36204e-05
5.69438e-09
2.36188e-05
3.47359e-09
2.36175e-05
2.21555e-09
2.36164e-05
1.54124e-09
2.36156e-05
1.18225e-09
2.36149e-05
9.75767e-10
2.36144e-05
8.38563e-10
2.3614e-05
7.29849e-10
2.36137e-05
6.37777e-10
2.36134e-05
5.52895e-10
2.36132e-05
4.80785e-10
2.3613e-05
4.11602e-10
2.36129e-05
3.58057e-10
2.36127e-05
3.01909e-10
2.36126e-05
2.65378e-10
2.36125e-05
2.18901e-10
2.36124e-05
1.96064e-10
2.36124e-05
1.57812e-10
2.36123e-05
1.42654e-10
2.36123e-05
1.15887e-10
2.36122e-05
9.81303e-11
2.36122e-05
9.13564e-11
2.36122e-05
5.85491e-11
2.36121e-05
7.89718e-11
2.36121e-05
2.77903e-11
2.36121e-05
6.55994e-11
2.36121e-05
1.79035e-11
2.36121e-05
3.71714e-11
2.3612e-05
3.21592e-11
2.3612e-05
1.26129e-12
2.3612e-05
4.60641e-11
2.3612e-05
-1.04645e-11
2.3612e-05
3.35734e-11
2.3612e-05
4.69016e-12
2.3612e-05
2.42209e-11
2.3612e-05
1.62927e-12
2.3612e-05
5.72679e-11
2.3612e-05
-1.4562e-11
2.3612e-05
1.01286e-10
2.3612e-05
1.29282e-11
1.80954e-10
2.56469e-05
1.01493e-08
2.56476e-05
1.07907e-08
2.56485e-05
1.17293e-08
2.56497e-05
1.30143e-08
2.56512e-05
1.44602e-08
2.56527e-05
1.59802e-08
2.56542e-05
1.73966e-08
2.56558e-05
1.86242e-08
2.56571e-05
1.96619e-08
2.56581e-05
2.03096e-08
2.5659e-05
2.07279e-08
2.56598e-05
2.12261e-08
2.56606e-05
2.1501e-08
2.56616e-05
2.15444e-08
2.56629e-05
2.18815e-08
2.56642e-05
2.25832e-08
2.56653e-05
2.33684e-08
2.56662e-05
2.39937e-08
2.56669e-05
2.44359e-08
2.56675e-05
2.49646e-08
2.5668e-05
2.55317e-08
2.56687e-05
2.58943e-08
2.56697e-05
2.62745e-08
2.56709e-05
2.70029e-08
2.5672e-05
2.78621e-08
2.56729e-05
2.8468e-08
2.56736e-05
2.88973e-08
2.56743e-05
2.93432e-08
2.5675e-05
2.98009e-08
2.56759e-05
3.03024e-08
2.56768e-05
3.09297e-08
2.56778e-05
3.16545e-08
2.56787e-05
3.23709e-08
2.56795e-05
3.29584e-08
2.56803e-05
3.34102e-08
2.56812e-05
3.39144e-08
2.56823e-05
3.45951e-08
2.56833e-05
3.52737e-08
2.56841e-05
3.58075e-08
2.56851e-05
3.63693e-08
2.56863e-05
3.70732e-08
2.56875e-05
3.76998e-08
2.56885e-05
3.81006e-08
2.56894e-05
3.85358e-08
2.56907e-05
3.92903e-08
2.56923e-05
4.01608e-08
2.56941e-05
4.06314e-08
2.56954e-05
4.05418e-08
2.56964e-05
4.0385e-08
2.56975e-05
4.08335e-08
2.56995e-05
4.19718e-08
2.57027e-05
4.29993e-08
2.57064e-05
4.26736e-08
2.57098e-05
4.00961e-08
2.5712e-05
3.52273e-08
2.57129e-05
2.88387e-08
2.57124e-05
2.20641e-08
2.57112e-05
1.59048e-08
2.57095e-05
1.09479e-08
2.57079e-05
7.34037e-09
2.57064e-05
4.92328e-09
2.57052e-05
3.4033e-09
2.57043e-05
2.48196e-09
2.57036e-05
1.92316e-09
2.5703e-05
1.56646e-09
2.57025e-05
1.31808e-09
2.57021e-05
1.12608e-09
2.57018e-05
9.68983e-10
2.57015e-05
8.32611e-10
2.57012e-05
7.17269e-10
2.5701e-05
6.1334e-10
2.57009e-05
5.28562e-10
2.57007e-05
4.48593e-10
2.57006e-05
3.88165e-10
2.57005e-05
3.26043e-10
2.57004e-05
2.83859e-10
2.57003e-05
2.36269e-10
2.57003e-05
2.04951e-10
2.57002e-05
1.72927e-10
2.57002e-05
1.42751e-10
2.57001e-05
1.31143e-10
2.57001e-05
9.24692e-11
2.57001e-05
1.03688e-10
2.57e-05
5.63087e-11
2.57e-05
7.80561e-11
2.57e-05
4.21721e-11
2.57e-05
4.3401e-11
2.57e-05
4.91328e-11
2.57e-05
8.03578e-12
2.57e-05
5.46794e-11
2.57e-05
-2.85916e-12
2.57e-05
3.99044e-11
2.56999e-05
8.3088e-12
2.56999e-05
3.30616e-11
2.56999e-05
3.97433e-12
2.56999e-05
6.35325e-11
2.56999e-05
-4.90398e-12
2.56999e-05
1.00462e-10
2.56999e-05
3.13247e-11
1.63093e-10
2.79171e-05
9.68828e-09
2.79175e-05
1.03638e-08
2.79181e-05
1.11386e-08
2.79189e-05
1.22269e-08
2.79199e-05
1.34575e-08
2.79211e-05
1.48014e-08
2.79224e-05
1.61364e-08
2.79237e-05
1.72869e-08
2.79251e-05
1.82492e-08
2.79264e-05
1.89883e-08
2.79276e-05
1.95431e-08
2.79287e-05
2.01729e-08
2.79296e-05
2.05803e-08
2.79305e-05
2.06233e-08
2.79316e-05
2.08135e-08
2.79327e-05
2.14224e-08
2.79338e-05
2.22747e-08
2.79348e-05
2.2999e-08
2.79358e-05
2.34889e-08
2.79366e-05
2.41289e-08
2.79373e-05
2.48789e-08
2.79379e-05
2.52313e-08
2.79389e-05
2.53469e-08
2.794e-05
2.58761e-08
2.79411e-05
2.67251e-08
2.79422e-05
2.74042e-08
2.79431e-05
2.79716e-08
2.79439e-05
2.85678e-08
2.79446e-05
2.90456e-08
2.79455e-05
2.94235e-08
2.79465e-05
2.99361e-08
2.79475e-05
3.06312e-08
2.79485e-05
3.1372e-08
2.79495e-05
3.20192e-08
2.79504e-05
3.25017e-08
2.79514e-05
3.29332e-08
2.79524e-05
3.35203e-08
2.79535e-05
3.42005e-08
2.79545e-05
3.47793e-08
2.79556e-05
3.53003e-08
2.79568e-05
3.58939e-08
2.7958e-05
3.6467e-08
2.79592e-05
3.68985e-08
2.79604e-05
3.73319e-08
2.79618e-05
3.7957e-08
2.79633e-05
3.86396e-08
2.79649e-05
3.90296e-08
2.79664e-05
3.90208e-08
2.79679e-05
3.89419e-08
2.79695e-05
3.92227e-08
2.79716e-05
3.98781e-08
2.79742e-05
4.0317e-08
2.79773e-05
3.965e-08
2.79801e-05
3.7235e-08
2.79823e-05
3.30461e-08
2.79835e-05
2.76516e-08
2.79837e-05
2.19009e-08
2.7983e-05
1.65664e-08
2.79818e-05
1.21279e-08
2.79804e-05
8.73955e-09
2.7979e-05
6.31697e-09
2.79778e-05
4.65918e-09
2.79767e-05
3.54577e-09
2.79758e-05
2.79211e-09
2.79751e-05
2.26472e-09
2.79746e-05
1.87822e-09
2.79741e-05
1.57938e-09
2.79738e-05
1.34003e-09
2.79734e-05
1.14061e-09
2.79732e-05
9.74712e-10
2.7973e-05
8.31163e-10
2.79728e-05
7.12133e-10
2.79726e-05
6.05816e-10
2.79725e-05
5.20152e-10
2.79724e-05
4.40462e-10
2.79723e-05
3.78567e-10
2.79722e-05
3.19618e-10
2.79721e-05
2.72727e-10
2.79721e-05
2.32961e-10
2.7972e-05
1.91869e-10
2.7972e-05
1.72621e-10
2.79719e-05
1.29866e-10
2.79719e-05
1.29672e-10
2.79719e-05
8.67651e-11
2.79719e-05
9.23987e-11
2.79719e-05
6.64209e-11
2.79718e-05
5.24196e-11
2.79718e-05
6.48853e-11
2.79718e-05
1.7576e-11
2.79718e-05
6.19861e-11
2.79718e-05
6.96643e-12
2.79718e-05
4.47537e-11
2.79718e-05
1.47211e-11
2.79718e-05
3.86605e-11
2.79718e-05
1.08155e-11
2.79718e-05
6.4525e-11
2.79718e-05
9.20367e-12
2.79718e-05
9.53784e-11
2.79718e-05
4.676e-11
1.48358e-10
3.03869e-05
9.31818e-09
3.03873e-05
1.00426e-08
3.03878e-05
1.06094e-08
3.03886e-05
1.1445e-08
3.03895e-05
1.2489e-08
3.03907e-05
1.36277e-08
3.03919e-05
1.49422e-08
3.03932e-05
1.60336e-08
3.03945e-05
1.6877e-08
3.03959e-05
1.76351e-08
3.03971e-05
1.83136e-08
3.03982e-05
1.90939e-08
3.03991e-05
1.96808e-08
3.03999e-05
1.98048e-08
3.04008e-05
1.98803e-08
3.0402e-05
2.03134e-08
3.04031e-05
2.1118e-08
3.04042e-05
2.19377e-08
3.04052e-05
2.24376e-08
3.04064e-05
2.29966e-08
3.04074e-05
2.38805e-08
3.04081e-05
2.44771e-08
3.04089e-05
2.45259e-08
3.041e-05
2.48192e-08
3.04111e-05
2.56207e-08
3.04122e-05
2.63382e-08
3.04132e-05
2.68965e-08
3.04142e-05
2.75819e-08
3.04151e-05
2.81669e-08
3.0416e-05
2.85018e-08
3.0417e-05
2.89272e-08
3.04181e-05
2.95611e-08
3.04192e-05
3.02505e-08
3.04203e-05
3.09558e-08
3.04212e-05
3.15397e-08
3.04223e-05
3.19109e-08
3.04234e-05
3.23436e-08
3.04246e-05
3.30111e-08
3.04257e-05
3.36755e-08
3.04269e-05
3.41609e-08
3.04282e-05
3.46131e-08
3.04295e-05
3.51265e-08
3.04308e-05
3.56107e-08
3.04321e-05
3.60479e-08
3.04335e-05
3.65229e-08
3.04351e-05
3.70015e-08
3.04369e-05
3.73176e-08
3.04385e-05
3.74045e-08
3.044e-05
3.74094e-08
3.04417e-05
3.75248e-08
3.04439e-05
3.77158e-08
3.04466e-05
3.76127e-08
3.04495e-05
3.66721e-08
3.04523e-05
3.44854e-08
3.04543e-05
3.10113e-08
3.04554e-05
2.65961e-08
3.04555e-05
2.18069e-08
3.04548e-05
1.72091e-08
3.04538e-05
1.32045e-08
3.04525e-05
9.97774e-09
3.04513e-05
7.52879e-09
3.04502e-05
5.74566e-09
3.04493e-05
4.47444e-09
3.04485e-05
3.56814e-09
3.04479e-05
2.90875e-09
3.04473e-05
2.41335e-09
3.04469e-05
2.02648e-09
3.04465e-05
1.71547e-09
3.04462e-05
1.4579e-09
3.04459e-05
1.24328e-09
3.04457e-05
1.05993e-09
3.04455e-05
9.0614e-10
3.04453e-05
7.7202e-10
3.04452e-05
6.60529e-10
3.04451e-05
5.61499e-10
3.0445e-05
4.79844e-10
3.04449e-05
4.07559e-10
3.04448e-05
3.45649e-10
3.04448e-05
2.96062e-10
3.04447e-05
2.44922e-10
3.04447e-05
2.16288e-10
3.04446e-05
1.6984e-10
3.04446e-05
1.57794e-10
3.04446e-05
1.18129e-10
3.04445e-05
1.09419e-10
3.04445e-05
9.00426e-11
3.04445e-05
6.45632e-11
3.04445e-05
7.91556e-11
3.04445e-05
2.99489e-11
3.04445e-05
6.80136e-11
3.04445e-05
1.87984e-11
3.04445e-05
4.84943e-11
3.04444e-05
2.2964e-11
3.04444e-05
4.27142e-11
3.04444e-05
1.91866e-11
3.04444e-05
6.44474e-11
3.04444e-05
2.24115e-11
3.04444e-05
9.06117e-11
3.04444e-05
5.81214e-11
1.36275e-10
3.30756e-05
8.83264e-09
3.3076e-05
9.65811e-09
3.30763e-05
1.02347e-08
3.30769e-05
1.08489e-08
3.30777e-05
1.17346e-08
3.30786e-05
1.27042e-08
3.30796e-05
1.39123e-08
3.30807e-05
1.4964e-08
3.30819e-05
1.56915e-08
3.30832e-05
1.63446e-08
3.30846e-05
1.69525e-08
3.30859e-05
1.77465e-08
3.30871e-05
1.85279e-08
3.3088e-05
1.88323e-08
3.30889e-05
1.89585e-08
3.30899e-05
1.9316e-08
3.3091e-05
2.00156e-08
3.30921e-05
2.08874e-08
3.30931e-05
2.1446e-08
3.30943e-05
2.18277e-08
3.30955e-05
2.2661e-08
3.30965e-05
2.35007e-08
3.30973e-05
2.36926e-08
3.30983e-05
2.38e-08
3.30994e-05
2.44848e-08
3.31005e-05
2.52452e-08
3.31017e-05
2.57515e-08
3.31028e-05
2.6424e-08
3.31039e-05
2.71455e-08
3.31048e-05
2.75342e-08
3.31059e-05
2.78958e-08
3.3107e-05
2.84701e-08
3.31081e-05
2.90623e-08
3.31094e-05
2.9723e-08
3.31105e-05
3.04215e-08
3.31115e-05
3.08621e-08
3.31127e-05
3.11592e-08
3.3114e-05
3.17095e-08
3.31153e-05
3.24064e-08
3.31165e-05
3.29129e-08
3.31179e-05
3.32869e-08
3.31193e-05
3.37267e-08
3.31207e-05
3.41961e-08
3.31221e-05
3.46034e-08
3.31237e-05
3.49825e-08
3.31253e-05
3.53439e-08
3.31271e-05
3.55904e-08
3.31288e-05
3.56604e-08
3.31306e-05
3.56286e-08
3.31325e-05
3.55999e-08
3.31347e-05
3.55302e-08
3.31371e-05
3.51581e-08
3.31397e-05
3.41118e-08
3.31421e-05
3.21119e-08
3.3144e-05
2.91299e-08
3.31451e-05
2.54103e-08
3.31456e-05
2.13639e-08
3.31454e-05
1.74139e-08
3.31447e-05
1.38776e-08
3.31438e-05
1.09198e-08
3.31427e-05
8.56843e-09
3.31417e-05
6.76162e-09
3.31408e-05
5.39742e-09
3.314e-05
4.36999e-09
3.31393e-05
3.58806e-09
3.31387e-05
2.98219e-09
3.31383e-05
2.50179e-09
3.31379e-05
2.11343e-09
3.31375e-05
1.79295e-09
3.31372e-05
1.5262e-09
3.3137e-05
1.30037e-09
3.31368e-05
1.11012e-09
3.31366e-05
9.46479e-10
3.31365e-05
8.08354e-10
3.31364e-05
6.88494e-10
3.31362e-05
5.86888e-10
3.31362e-05
4.99691e-10
3.31361e-05
4.23101e-10
3.3136e-05
3.62028e-10
3.3136e-05
3.01425e-10
3.31359e-05
2.62066e-10
3.31359e-05
2.1203e-10
3.31358e-05
1.88023e-10
3.31358e-05
1.50141e-10
3.31358e-05
1.29127e-10
3.31358e-05
1.12847e-10
3.31357e-05
7.9698e-11
3.31357e-05
9.21532e-11
3.31357e-05
4.45857e-11
3.31357e-05
7.33403e-11
3.31357e-05
3.18508e-11
3.31357e-05
5.18649e-11
3.31357e-05
3.21788e-11
3.31357e-05
4.60658e-11
3.31357e-05
2.79634e-11
3.31357e-05
6.43318e-11
3.31357e-05
3.35501e-11
3.31357e-05
8.70896e-11
3.31357e-05
6.57629e-11
1.26283e-10
3.60013e-05
8.39865e-09
3.60018e-05
9.21209e-09
3.60021e-05
9.88939e-09
3.60026e-05
1.03609e-08
3.60033e-05
1.10013e-08
3.60043e-05
1.1775e-08
3.60054e-05
1.27851e-08
3.60065e-05
1.38238e-08
3.60077e-05
1.45588e-08
3.60088e-05
1.51862e-08
3.601e-05
1.57528e-08
3.60113e-05
1.64756e-08
3.60125e-05
1.73552e-08
3.60135e-05
1.78438e-08
3.60144e-05
1.80413e-08
3.60154e-05
1.83303e-08
3.60165e-05
1.88851e-08
3.60177e-05
1.97184e-08
3.60187e-05
2.03734e-08
3.60199e-05
2.06921e-08
3.60212e-05
2.13296e-08
3.60224e-05
2.22921e-08
3.60234e-05
2.27478e-08
3.60243e-05
2.28256e-08
3.60255e-05
2.33321e-08
3.60266e-05
2.41029e-08
3.60278e-05
2.46003e-08
3.6029e-05
2.5163e-08
3.60302e-05
2.59397e-08
3.60313e-05
2.64469e-08
3.60324e-05
2.67963e-08
3.60336e-05
2.73152e-08
3.60348e-05
2.7842e-08
3.60361e-05
2.84097e-08
3.60374e-05
2.91415e-08
3.60386e-05
2.96849e-08
3.60398e-05
2.99289e-08
3.60412e-05
3.03292e-08
3.60426e-05
3.10071e-08
3.60439e-05
3.15625e-08
3.60453e-05
3.18875e-08
3.60468e-05
3.22264e-08
3.60484e-05
3.26502e-08
3.605e-05
3.30354e-08
3.60516e-05
3.33429e-08
3.60533e-05
3.36025e-08
3.60551e-05
3.37834e-08
3.6057e-05
3.3836e-08
3.60588e-05
3.37718e-08
3.60608e-05
3.362e-08
3.6063e-05
3.33294e-08
3.60654e-05
3.2735e-08
3.60679e-05
3.16171e-08
3.60702e-05
2.98111e-08
3.60721e-05
2.72983e-08
3.60732e-05
2.42282e-08
3.60737e-05
2.08667e-08
3.60736e-05
1.75086e-08
3.60731e-05
1.43984e-08
3.60723e-05
1.16888e-08
3.60715e-05
9.43716e-09
3.60706e-05
7.62786e-09
3.60698e-05
6.20271e-09
3.60691e-05
5.08845e-09
3.60685e-05
4.2142e-09
3.60679e-05
3.52098e-09
3.60675e-05
2.96288e-09
3.60671e-05
2.50709e-09
3.60667e-05
2.12925e-09
3.60664e-05
1.81335e-09
3.60662e-05
1.54613e-09
3.6066e-05
1.31994e-09
3.60658e-05
1.12635e-09
3.60657e-05
9.6154e-10
3.60655e-05
8.1992e-10
3.60654e-05
6.98392e-10
3.60653e-05
5.95166e-10
3.60652e-05
5.04087e-10
3.60652e-05
4.30487e-10
3.60651e-05
3.60489e-10
3.60651e-05
3.09933e-10
3.6065e-05
2.55636e-10
3.6065e-05
2.20448e-10
3.6065e-05
1.82306e-10
3.60649e-05
1.51336e-10
3.60649e-05
1.34919e-10
3.60649e-05
9.71557e-11
3.60649e-05
1.04472e-10
3.60649e-05
6.05187e-11
3.60649e-05
7.88384e-11
3.60648e-05
4.50468e-11
3.60648e-05
5.58747e-11
3.60648e-05
4.10456e-11
3.60648e-05
4.99121e-11
3.60648e-05
3.58711e-11
3.60648e-05
6.49285e-11
3.60648e-05
4.22888e-11
3.60648e-05
8.46381e-11
3.60648e-05
7.05366e-11
1.17803e-10
3.91858e-05
7.92272e-09
3.91864e-05
8.66067e-09
3.91869e-05
9.4087e-09
3.91873e-05
9.89352e-09
3.9188e-05
1.03741e-08
3.91887e-05
1.09985e-08
3.91897e-05
1.18216e-08
3.91907e-05
1.27954e-08
3.91917e-05
1.35508e-08
3.91928e-05
1.41225e-08
3.91939e-05
1.46259e-08
3.91952e-05
1.51935e-08
3.91966e-05
1.60157e-08
3.91977e-05
1.66882e-08
3.91987e-05
1.70302e-08
3.91997e-05
1.73437e-08
3.92008e-05
1.78029e-08
3.9202e-05
1.85208e-08
3.92031e-05
1.92368e-08
3.92042e-05
1.96084e-08
3.92055e-05
2.00484e-08
3.92069e-05
2.09118e-08
3.9208e-05
2.16058e-08
3.9209e-05
2.18102e-08
3.92102e-05
2.21532e-08
3.92115e-05
2.28515e-08
3.92127e-05
2.34073e-08
3.92139e-05
2.38776e-08
3.92153e-05
2.45954e-08
3.92165e-05
2.52288e-08
3.92177e-05
2.56136e-08
3.92189e-05
2.60641e-08
3.92202e-05
2.65614e-08
3.92216e-05
2.70476e-08
3.9223e-05
2.77098e-08
3.92244e-05
2.83421e-08
3.92256e-05
2.86469e-08
3.9227e-05
2.89187e-08
3.92286e-05
2.94688e-08
3.92301e-05
3.00376e-08
3.92316e-05
3.03785e-08
3.92332e-05
3.06548e-08
3.92348e-05
3.10149e-08
3.92365e-05
3.13635e-08
3.92382e-05
3.16121e-08
3.924e-05
3.1783e-08
3.92419e-05
3.18849e-08
3.92439e-05
3.18826e-08
3.92459e-05
3.17618e-08
3.9248e-05
3.15251e-08
3.92502e-05
3.11297e-08
3.92525e-05
3.0461e-08
3.92547e-05
2.9373e-08
3.92568e-05
2.77587e-08
3.92585e-05
2.56075e-08
3.92597e-05
2.30224e-08
3.92603e-05
2.01899e-08
3.92605e-05
1.73236e-08
3.92603e-05
1.46101e-08
3.92598e-05
1.21762e-08
3.92592e-05
1.00826e-08
3.92585e-05
8.33529e-09
3.92578e-05
6.90469e-09
3.92571e-05
5.74458e-09
3.92565e-05
4.80513e-09
3.9256e-05
4.04123e-09
3.92556e-05
3.41506e-09
3.92552e-05
2.89728e-09
3.92548e-05
2.46502e-09
3.92545e-05
2.10166e-09
3.92543e-05
1.79384e-09
3.92541e-05
1.53228e-09
3.92539e-05
1.30874e-09
3.92537e-05
1.11752e-09
3.92536e-05
9.53731e-10
3.92535e-05
8.12505e-10
3.92534e-05
6.92631e-10
3.92533e-05
5.87274e-10
3.92532e-05
5.00578e-10
3.92532e-05
4.2114e-10
3.92531e-05
3.59343e-10
3.92531e-05
2.99967e-10
3.92531e-05
2.54659e-10
3.9253e-05
2.14245e-10
3.9253e-05
1.75588e-10
3.9253e-05
1.56256e-10
3.9253e-05
1.16256e-10
3.9253e-05
1.16529e-10
3.92529e-05
7.68936e-11
3.92529e-05
8.50759e-11
3.92529e-05
5.75865e-11
3.92529e-05
6.09546e-11
3.92529e-05
4.90232e-11
3.92529e-05
5.44856e-11
3.92529e-05
4.25521e-11
3.92529e-05
6.61794e-11
3.92529e-05
4.89405e-11
3.92529e-05
8.27181e-11
3.92529e-05
7.32257e-11
1.10385e-10
4.26517e-05
7.47601e-09
4.26522e-05
8.08592e-09
4.26528e-05
8.81188e-09
4.26534e-05
9.37036e-09
4.26539e-05
9.81085e-09
4.26546e-05
1.02894e-08
4.26556e-05
1.08971e-08
4.26566e-05
1.17251e-08
4.26577e-05
1.24952e-08
4.26587e-05
1.30788e-08
4.26598e-05
1.35767e-08
4.26609e-05
1.40621e-08
4.26622e-05
1.47581e-08
4.26634e-05
1.54978e-08
4.26644e-05
1.59603e-08
4.26655e-05
1.62958e-08
4.26666e-05
1.66921e-08
4.26678e-05
1.72773e-08
4.26691e-05
1.79888e-08
4.26702e-05
1.84748e-08
4.26714e-05
1.88307e-08
4.26728e-05
1.94922e-08
4.26742e-05
2.02647e-08
4.26753e-05
2.06714e-08
4.26765e-05
2.09579e-08
4.26778e-05
2.15306e-08
4.26791e-05
2.21341e-08
4.26804e-05
2.25791e-08
4.26818e-05
2.31671e-08
4.26832e-05
2.38403e-08
4.26845e-05
2.43038e-08
4.26859e-05
2.47168e-08
4.26872e-05
2.52025e-08
4.26886e-05
2.56558e-08
4.26902e-05
2.61891e-08
4.26917e-05
2.68044e-08
4.26931e-05
2.72079e-08
4.26946e-05
2.74477e-08
4.26962e-05
2.78651e-08
4.26978e-05
2.83998e-08
4.26995e-05
2.87662e-08
4.27011e-05
2.89918e-08
4.27029e-05
2.92554e-08
4.27047e-05
2.9543e-08
4.27066e-05
2.97544e-08
4.27085e-05
2.98788e-08
4.27104e-05
2.99354e-08
4.27124e-05
2.99011e-08
4.27144e-05
2.9743e-08
4.27165e-05
2.94417e-08
4.27187e-05
2.89622e-08
4.27209e-05
2.82355e-08
4.27231e-05
2.71791e-08
4.27251e-05
2.57355e-08
4.27268e-05
2.39035e-08
4.27281e-05
2.17487e-08
4.27289e-05
1.93909e-08
4.27292e-05
1.69734e-08
4.27292e-05
1.46313e-08
4.27289e-05
1.24675e-08
4.27285e-05
1.05434e-08
4.27279e-05
8.8816e-09
4.27273e-05
7.47502e-09
4.27268e-05
6.29907e-09
4.27263e-05
5.32128e-09
4.27258e-05
4.50862e-09
4.27254e-05
3.83102e-09
4.2725e-05
3.26331e-09
4.27247e-05
2.78493e-09
4.27244e-05
2.37982e-09
4.27242e-05
2.03507e-09
4.2724e-05
1.74073e-09
4.27238e-05
1.48871e-09
4.27236e-05
1.2723e-09
4.27235e-05
1.08681e-09
4.27234e-05
9.26548e-10
4.27233e-05
7.90072e-10
4.27232e-05
6.70764e-10
4.27231e-05
5.70997e-10
4.27231e-05
4.82015e-10
4.2723e-05
4.09409e-10
4.2723e-05
3.44138e-10
4.2723e-05
2.89894e-10
4.27229e-05
2.45599e-10
4.27229e-05
2.01003e-10
4.27229e-05
1.76994e-10
4.27229e-05
1.36029e-10
4.27228e-05
1.28691e-10
4.27228e-05
9.28771e-11
4.27228e-05
9.22952e-11
4.27228e-05
6.8992e-11
4.27228e-05
6.709e-11
4.27228e-05
5.59464e-11
4.27228e-05
5.95107e-11
4.27228e-05
4.81766e-11
4.27228e-05
6.7603e-11
4.27228e-05
5.397e-11
4.27228e-05
8.08707e-11
4.27228e-05
7.43805e-11
1.03687e-10
4.6424e-05
7.04404e-09
4.64246e-05
7.53449e-09
4.64252e-05
8.17354e-09
4.64258e-05
8.76671e-09
4.64264e-05
9.21878e-09
4.64271e-05
9.63099e-09
4.64279e-05
1.01025e-08
4.64288e-05
1.07572e-08
4.64299e-05
1.1464e-08
4.64309e-05
1.20488e-08
4.64319e-05
1.25452e-08
4.6433e-05
1.29955e-08
4.64342e-05
1.35467e-08
4.64355e-05
1.42177e-08
4.64367e-05
1.47689e-08
4.64378e-05
1.51775e-08
4.64389e-05
1.55699e-08
4.64401e-05
1.60583e-08
4.64414e-05
1.66901e-08
4.64427e-05
1.72361e-08
4.64439e-05
1.76098e-08
4.64453e-05
1.81179e-08
4.64467e-05
1.88204e-08
4.6448e-05
1.93599e-08
4.64493e-05
1.96904e-08
4.64507e-05
2.01528e-08
4.64521e-05
2.07409e-08
4.64534e-05
2.12164e-08
4.64549e-05
2.17153e-08
4.64564e-05
2.23402e-08
4.64578e-05
2.28544e-08
4.64593e-05
2.32582e-08
4.64608e-05
2.37184e-08
4.64622e-05
2.41662e-08
4.64638e-05
2.46127e-08
4.64655e-05
2.51566e-08
4.64671e-05
2.56227e-08
4.64686e-05
2.58891e-08
4.64703e-05
2.61837e-08
4.64721e-05
2.66162e-08
4.64739e-05
2.69906e-08
4.64756e-05
2.72232e-08
4.64774e-05
2.74364e-08
4.64793e-05
2.7671e-08
4.64812e-05
2.78449e-08
4.64832e-05
2.79168e-08
4.64852e-05
2.79041e-08
4.64873e-05
2.78059e-08
4.64895e-05
2.75973e-08
4.64916e-05
2.72568e-08
4.64939e-05
2.67575e-08
4.6496e-05
2.60537e-08
4.64981e-05
2.50912e-08
4.65e-05
2.38327e-08
4.65016e-05
2.2278e-08
4.65029e-05
2.04707e-08
4.65038e-05
1.84924e-08
4.65044e-05
1.64443e-08
4.65046e-05
1.44264e-08
4.65045e-05
1.25203e-08
4.65043e-05
1.07807e-08
4.65039e-05
9.23539e-09
4.65035e-05
7.88941e-09
4.65031e-05
6.73271e-09
4.65026e-05
5.74653e-09
4.65022e-05
4.90885e-09
4.65019e-05
4.19775e-09
4.65015e-05
3.59332e-09
4.65013e-05
3.07835e-09
4.6501e-05
2.63845e-09
4.65008e-05
2.26171e-09
4.65006e-05
1.93831e-09
4.65004e-05
1.6604e-09
4.65002e-05
1.42091e-09
4.65001e-05
1.21508e-09
4.65e-05
1.03701e-09
4.64999e-05
8.84677e-10
4.64998e-05
7.52079e-10
4.64998e-05
6.39807e-10
4.64997e-05
5.41382e-10
4.64997e-05
4.58746e-10
4.64996e-05
3.87023e-10
4.64996e-05
3.25041e-10
4.64995e-05
2.75787e-10
4.64995e-05
2.26546e-10
4.64995e-05
1.97013e-10
4.64995e-05
1.55506e-10
4.64995e-05
1.41013e-10
4.64995e-05
1.07789e-10
4.64994e-05
1.00365e-10
4.64994e-05
7.906e-11
4.64994e-05
7.38253e-11
4.64994e-05
6.19703e-11
4.64994e-05
6.4431e-11
4.64994e-05
5.29957e-11
4.64994e-05
6.8738e-11
4.64994e-05
5.77013e-11
4.64994e-05
7.88271e-11
4.64994e-05
7.43037e-11
9.74277e-11
5.05297e-05
6.67246e-09
5.05302e-05
7.03852e-09
5.05308e-05
7.53046e-09
5.05315e-05
8.06958e-09
5.05322e-05
8.53226e-09
5.05329e-05
8.93895e-09
5.05337e-05
9.34525e-09
5.05346e-05
9.84251e-09
5.05356e-05
1.04438e-08
5.05366e-05
1.10136e-08
5.05377e-05
1.15067e-08
5.05387e-05
1.19439e-08
5.05399e-05
1.24087e-08
5.05411e-05
1.29778e-08
5.05423e-05
1.3532e-08
5.05435e-05
1.39839e-08
5.05447e-05
1.43923e-08
5.05459e-05
1.48265e-08
5.05473e-05
1.53534e-08
5.05486e-05
1.58957e-08
5.05499e-05
1.63256e-08
5.05513e-05
1.67597e-08
5.05528e-05
1.73349e-08
5.05542e-05
1.79017e-08
5.05556e-05
1.83178e-08
5.0557e-05
1.87348e-08
5.05585e-05
1.92564e-08
5.056e-05
1.97463e-08
5.05615e-05
2.02041e-08
5.05631e-05
2.07446e-08
5.05646e-05
2.12696e-08
5.05662e-05
2.17018e-08
5.05678e-05
2.21387e-08
5.05694e-05
2.25687e-08
5.0571e-05
2.29582e-08
5.05728e-05
2.34033e-08
5.05745e-05
2.38622e-08
5.05763e-05
2.4183e-08
5.0578e-05
2.44414e-08
5.05798e-05
2.47823e-08
5.05817e-05
2.51261e-08
5.05836e-05
2.53504e-08
5.05855e-05
2.55018e-08
5.05875e-05
2.56515e-08
5.05896e-05
2.57694e-08
5.05917e-05
2.58096e-08
5.05938e-05
2.57726e-08
5.0596e-05
2.56592e-08
5.05981e-05
2.54462e-08
5.06003e-05
2.51052e-08
5.06024e-05
2.46122e-08
5.06045e-05
2.39397e-08
5.06066e-05
2.30595e-08
5.06085e-05
2.1954e-08
5.06101e-05
2.06282e-08
5.06115e-05
1.91126e-08
5.06125e-05
1.74609e-08
5.06132e-05
1.57405e-08
5.06136e-05
1.4021e-08
5.06138e-05
1.23638e-08
5.06137e-05
1.0815e-08
5.06136e-05
9.40328e-09
5.06133e-05
8.14147e-09
5.0613e-05
7.02985e-09
5.06127e-05
6.06031e-09
5.06124e-05
5.22005e-09
5.06121e-05
4.49438e-09
5.06118e-05
3.86864e-09
5.06116e-05
3.32922e-09
5.06113e-05
2.86396e-09
5.06111e-05
2.46247e-09
5.0611e-05
2.11561e-09
5.06108e-05
1.81604e-09
5.06107e-05
1.55681e-09
5.06105e-05
1.33315e-09
5.06104e-05
1.13931e-09
5.06104e-05
9.72687e-10
5.06103e-05
8.27987e-10
5.06102e-05
7.04359e-10
5.06102e-05
5.97001e-10
5.06101e-05
5.05421e-10
5.06101e-05
4.27164e-10
5.061e-05
3.58583e-10
5.061e-05
3.03978e-10
5.061e-05
2.50967e-10
5.061e-05
2.15876e-10
5.061e-05
1.73746e-10
5.06099e-05
1.53132e-10
5.06099e-05
1.21149e-10
5.06099e-05
1.08742e-10
5.06099e-05
8.77573e-11
5.06099e-05
8.04858e-11
5.06099e-05
6.72543e-11
5.06099e-05
6.8684e-11
5.06099e-05
5.71186e-11
5.06099e-05
6.92953e-11
5.06099e-05
6.02268e-11
5.06099e-05
7.64618e-11
5.06099e-05
7.3147e-11
9.13536e-11
5.49984e-05
6.2246e-09
5.49989e-05
6.52371e-09
5.49995e-05
6.90864e-09
5.50002e-05
7.37402e-09
5.50009e-05
7.82285e-09
5.50017e-05
8.21931e-09
5.50024e-05
8.58556e-09
5.50033e-05
8.98203e-09
5.50043e-05
9.46476e-09
5.50053e-05
9.97268e-09
5.50064e-05
1.04441e-08
5.50074e-05
1.08721e-08
5.50086e-05
1.12851e-08
5.50098e-05
1.17581e-08
5.5011e-05
1.22731e-08
5.50123e-05
1.27393e-08
5.50135e-05
1.31423e-08
5.50148e-05
1.35379e-08
5.50162e-05
1.39974e-08
5.50176e-05
1.45063e-08
5.50189e-05
1.49582e-08
5.50203e-05
1.53629e-08
5.50218e-05
1.58352e-08
5.50234e-05
1.63579e-08
5.50249e-05
1.6816e-08
5.50264e-05
1.72289e-08
5.50279e-05
1.76944e-08
5.50295e-05
1.81774e-08
5.50311e-05
1.8622e-08
5.50328e-05
1.90871e-08
5.50344e-05
1.95748e-08
5.50361e-05
2.00144e-08
5.50378e-05
2.04268e-08
5.50396e-05
2.08364e-08
5.50413e-05
2.12143e-08
5.50431e-05
2.15994e-08
5.5045e-05
2.20058e-08
5.50468e-05
2.23332e-08
5.50487e-05
2.25656e-08
5.50507e-05
2.28113e-08
5.50527e-05
2.30836e-08
5.50548e-05
2.32982e-08
5.50568e-05
2.34429e-08
5.50589e-05
2.35644e-08
5.5061e-05
2.36581e-08
5.50632e-05
2.36826e-08
5.50653e-05
2.36223e-08
5.50675e-05
2.34789e-08
5.50697e-05
2.32427e-08
5.50719e-05
2.28958e-08
5.50741e-05
2.2422e-08
5.50762e-05
2.18053e-08
5.50783e-05
2.10289e-08
5.50801e-05
2.00819e-08
5.50818e-05
1.89673e-08
5.50832e-05
1.77049e-08
5.50843e-05
1.63301e-08
5.50852e-05
1.48888e-08
5.50858e-05
1.34308e-08
5.50861e-05
1.20021e-08
5.50863e-05
1.06405e-08
5.50863e-05
9.37263e-09
5.50863e-05
8.21411e-09
5.50861e-05
7.17106e-09
5.50859e-05
6.24239e-09
5.50857e-05
5.4222e-09
5.50855e-05
4.70191e-09
5.50853e-05
4.07169e-09
5.50851e-05
3.52166e-09
5.5085e-05
3.04229e-09
5.50848e-05
2.62503e-09
5.50846e-05
2.26194e-09
5.50845e-05
1.94645e-09
5.50844e-05
1.67214e-09
5.50843e-05
1.43436e-09
5.50842e-05
1.22775e-09
5.50841e-05
1.04932e-09
5.50841e-05
8.94413e-10
5.5084e-05
7.61215e-10
5.5084e-05
6.46012e-10
5.50839e-05
5.46922e-10
5.50839e-05
4.62634e-10
5.50839e-05
3.88624e-10
5.50838e-05
3.28942e-10
5.50838e-05
2.72826e-10
5.50838e-05
2.32769e-10
5.50838e-05
1.89786e-10
5.50838e-05
1.64318e-10
5.50838e-05
1.32529e-10
5.50837e-05
1.16611e-10
5.50837e-05
9.50393e-11
5.50837e-05
8.63404e-11
5.50837e-05
7.17693e-11
5.50837e-05
7.18677e-11
5.50837e-05
6.04103e-11
5.50837e-05
6.91182e-11
5.50837e-05
6.15062e-11
5.50837e-05
7.36695e-11
5.50837e-05
7.09857e-11
8.52197e-11
5.9862e-05
5.73448e-09
5.98625e-05
6.00294e-09
5.98631e-05
6.30598e-09
5.98638e-05
6.66284e-09
5.98646e-05
7.0463e-09
5.98654e-05
7.41731e-09
5.98662e-05
7.77017e-09
5.9867e-05
8.12469e-09
5.9868e-05
8.51375e-09
5.9869e-05
8.93653e-09
5.98701e-05
9.36086e-09
5.98712e-05
9.76709e-09
5.98723e-05
1.01603e-08
5.98735e-05
1.05704e-08
5.98748e-05
1.10002e-08
5.98761e-05
1.14199e-08
5.98774e-05
1.18268e-08
5.98788e-05
1.22259e-08
5.98801e-05
1.26272e-08
5.98816e-05
1.30518e-08
5.98831e-05
1.34801e-08
5.98845e-05
1.389e-08
5.9886e-05
1.43156e-08
5.98876e-05
1.47756e-08
5.98892e-05
1.52226e-08
5.98908e-05
1.56328e-08
5.98925e-05
1.60524e-08
5.98941e-05
1.64942e-08
5.98958e-05
1.69206e-08
5.98976e-05
1.73465e-08
5.98994e-05
1.77946e-08
5.99012e-05
1.82233e-08
5.9903e-05
1.86139e-08
5.99048e-05
1.89861e-08
5.99067e-05
1.93297e-08
5.99087e-05
1.96524e-08
5.99107e-05
1.99849e-08
5.99127e-05
2.02953e-08
5.99147e-05
2.05433e-08
5.99168e-05
2.07664e-08
5.99189e-05
2.09964e-08
5.9921e-05
2.11922e-08
5.99231e-05
2.13198e-08
5.99253e-05
2.13978e-08
5.99275e-05
2.144e-08
5.99297e-05
2.14295e-08
5.9932e-05
2.13506e-08
5.99343e-05
2.1201e-08
5.99366e-05
2.09744e-08
5.99388e-05
2.06559e-08
5.9941e-05
2.02305e-08
5.99431e-05
1.96859e-08
5.99451e-05
1.90127e-08
5.9947e-05
1.82062e-08
5.99487e-05
1.72706e-08
5.99502e-05
1.62206e-08
5.99514e-05
1.50801e-08
5.99524e-05
1.38804e-08
5.99532e-05
1.26557e-08
5.99538e-05
1.14396e-08
5.99541e-05
1.02612e-08
5.99544e-05
9.14333e-09
5.99545e-05
8.1017e-09
5.99545e-05
7.14535e-09
5.99545e-05
6.2777e-09
5.99544e-05
5.49784e-09
5.99543e-05
4.80194e-09
5.99542e-05
4.18437e-09
5.99541e-05
3.63862e-09
5.9954e-05
3.15784e-09
5.99538e-05
2.73545e-09
5.99537e-05
2.36502e-09
5.99537e-05
2.04094e-09
5.99536e-05
1.75762e-09
5.99535e-05
1.51073e-09
5.99534e-05
1.29548e-09
5.99534e-05
1.10872e-09
5.99533e-05
9.46375e-10
5.99533e-05
8.06107e-10
5.99532e-05
6.84861e-10
5.99532e-05
5.80124e-10
5.99532e-05
4.9096e-10
5.99531e-05
4.12864e-10
5.99531e-05
3.48983e-10
5.99531e-05
2.90475e-10
5.99531e-05
2.4646e-10
5.99531e-05
2.02573e-10
5.99531e-05
1.73526e-10
5.99531e-05
1.41404e-10
5.99531e-05
1.2303e-10
5.9953e-05
1.00666e-10
5.9953e-05
9.07136e-11
5.9953e-05
7.52459e-11
5.9953e-05
7.36933e-11
5.9953e-05
6.25646e-11
5.9953e-05
6.80862e-11
5.9953e-05
6.1453e-11
5.9953e-05
7.02834e-11
5.9953e-05
6.78418e-11
7.87879e-11
6.51554e-05
5.14082e-09
6.5156e-05
5.38839e-09
6.51566e-05
5.65016e-09
6.51573e-05
5.94577e-09
6.51581e-05
6.27109e-09
6.51589e-05
6.59886e-09
6.51598e-05
6.91419e-09
6.51607e-05
7.2218e-09
6.51617e-05
7.5465e-09
6.51627e-05
7.90448e-09
6.51638e-05
8.27715e-09
6.51649e-05
8.64072e-09
6.51661e-05
8.98666e-09
6.51673e-05
9.33154e-09
6.51686e-05
9.7048e-09
6.51699e-05
1.00975e-08
6.51713e-05
1.04731e-08
6.51727e-05
1.08242e-08
6.51741e-05
1.1182e-08
6.51756e-05
1.15736e-08
6.51771e-05
1.1975e-08
6.51787e-05
1.23509e-08
6.51803e-05
1.27203e-08
6.51819e-05
1.31199e-08
6.51836e-05
1.35347e-08
6.51853e-05
1.39325e-08
6.5187e-05
1.43247e-08
6.51888e-05
1.47308e-08
6.51906e-05
1.51314e-08
6.51924e-05
1.55148e-08
6.51943e-05
1.58971e-08
6.51963e-05
1.62738e-08
6.51982e-05
1.66304e-08
6.52003e-05
1.69745e-08
6.52023e-05
1.73047e-08
6.52043e-05
1.7613e-08
6.52064e-05
1.79106e-08
6.52085e-05
1.81913e-08
6.52106e-05
1.84237e-08
6.52128e-05
1.86096e-08
6.5215e-05
1.87776e-08
6.52173e-05
1.8925e-08
6.52195e-05
1.90294e-08
6.52219e-05
1.90901e-08
6.52242e-05
1.91163e-08
6.52265e-05
1.91001e-08
6.52288e-05
1.90262e-08
6.52311e-05
1.88864e-08
6.52334e-05
1.86757e-08
6.52357e-05
1.83856e-08
6.52379e-05
1.80071e-08
6.52401e-05
1.75334e-08
6.52421e-05
1.69597e-08
6.52441e-05
1.62843e-08
6.52458e-05
1.55105e-08
6.52474e-05
1.46479e-08
6.52488e-05
1.37123e-08
6.52499e-05
1.27244e-08
6.52509e-05
1.17077e-08
6.52516e-05
1.06865e-08
6.52522e-05
9.68272e-09
6.52526e-05
8.71525e-09
6.52529e-05
7.79845e-09
6.52531e-05
6.94218e-09
6.52533e-05
6.15216e-09
6.52533e-05
5.43058e-09
6.52534e-05
4.77701e-09
6.52534e-05
4.18901e-09
6.52533e-05
3.66298e-09
6.52533e-05
3.19449e-09
6.52532e-05
2.77894e-09
6.52532e-05
2.41146e-09
6.52532e-05
2.0876e-09
6.52531e-05
1.80275e-09
6.52531e-05
1.55311e-09
6.5253e-05
1.33454e-09
6.5253e-05
1.14402e-09
6.5253e-05
9.77996e-10
6.52529e-05
8.33969e-10
6.52529e-05
7.09297e-10
6.52529e-05
6.01322e-10
6.52529e-05
5.09125e-10
6.52529e-05
4.2862e-10
6.52528e-05
3.61964e-10
6.52528e-05
3.02036e-10
6.52528e-05
2.55367e-10
6.52528e-05
2.10905e-10
6.52528e-05
1.79499e-10
6.52528e-05
1.47076e-10
6.52528e-05
1.27033e-10
6.52528e-05
1.04144e-10
6.52528e-05
9.30291e-11
6.52528e-05
7.71919e-11
6.52528e-05
7.39008e-11
6.52528e-05
6.32156e-11
6.52528e-05
6.60249e-11
6.52528e-05
5.9967e-11
6.52528e-05
6.60908e-11
6.52528e-05
6.36852e-11
7.18362e-11
7.09166e-05
4.50852e-09
7.09172e-05
4.73181e-09
7.09179e-05
4.95714e-09
7.09187e-05
5.19445e-09
7.09195e-05
5.44966e-09
7.09204e-05
5.71961e-09
7.09213e-05
5.99665e-09
7.09222e-05
6.27605e-09
7.09232e-05
6.55962e-09
7.09243e-05
6.85177e-09
7.09254e-05
7.15272e-09
7.09266e-05
7.4596e-09
7.09278e-05
7.76949e-09
7.0929e-05
8.0838e-09
7.09303e-05
8.4039e-09
7.09317e-05
8.72374e-09
7.09332e-05
9.04341e-09
7.09346e-05
9.37051e-09
7.09361e-05
9.70324e-09
7.09376e-05
1.00374e-08
7.09392e-05
1.03771e-08
7.09408e-05
1.07239e-08
7.09425e-05
1.10737e-08
7.09442e-05
1.14238e-08
7.09459e-05
1.17749e-08
7.09478e-05
1.21274e-08
7.09496e-05
1.2482e-08
7.09515e-05
1.28374e-08
7.09534e-05
1.31884e-08
7.09554e-05
1.3535e-08
7.09574e-05
1.38861e-08
7.09595e-05
1.42375e-08
7.09615e-05
1.45725e-08
7.09636e-05
1.4886e-08
7.09657e-05
1.51779e-08
7.09679e-05
1.54432e-08
7.09701e-05
1.56864e-08
7.09724e-05
1.59138e-08
7.09747e-05
1.61156e-08
7.0977e-05
1.62844e-08
7.09794e-05
1.64299e-08
7.09818e-05
1.65558e-08
7.09841e-05
1.665e-08
7.09865e-05
1.67034e-08
7.09889e-05
1.67174e-08
7.09913e-05
1.66909e-08
7.09937e-05
1.66162e-08
7.09961e-05
1.64871e-08
7.09985e-05
1.62995e-08
7.10008e-05
1.60485e-08
7.10031e-05
1.57278e-08
7.10053e-05
1.53321e-08
7.10074e-05
1.48584e-08
7.10094e-05
1.43059e-08
7.10112e-05
1.36771e-08
7.10129e-05
1.29789e-08
7.10144e-05
1.22217e-08
7.10157e-05
1.14197e-08
7.10168e-05
1.0589e-08
7.10178e-05
9.74649e-09
7.10185e-05
8.90858e-09
7.10192e-05
8.08992e-09
7.10197e-05
7.30268e-09
7.102e-05
6.55619e-09
7.10203e-05
5.85694e-09
7.10206e-05
5.20881e-09
7.10207e-05
4.61349e-09
7.10208e-05
4.07088e-09
7.10209e-05
3.57962e-09
7.1021e-05
3.13734e-09
7.1021e-05
2.74122e-09
7.1021e-05
2.3879e-09
7.10211e-05
2.07413e-09
7.10211e-05
1.79634e-09
7.10211e-05
1.55144e-09
7.10211e-05
1.336e-09
7.10211e-05
1.14732e-09
7.10211e-05
9.82368e-10
7.10211e-05
8.38748e-10
7.10211e-05
7.1412e-10
7.1021e-05
6.05972e-10
7.1021e-05
5.13298e-10
7.1021e-05
4.32557e-10
7.1021e-05
3.65088e-10
7.1021e-05
3.05147e-10
7.1021e-05
2.57426e-10
7.1021e-05
2.13187e-10
7.1021e-05
1.8069e-10
7.1021e-05
1.48489e-10
7.1021e-05
1.27523e-10
7.1021e-05
1.0469e-10
7.1021e-05
9.26396e-11
7.1021e-05
7.69648e-11
7.1021e-05
7.21478e-11
7.1021e-05
6.19493e-11
7.1021e-05
6.26128e-11
7.1021e-05
5.6896e-11
7.1021e-05
6.08743e-11
7.1021e-05
5.83828e-11
6.41469e-11
7.71869e-05
3.7996e-09
7.71877e-05
3.98612e-09
7.71884e-05
4.17796e-09
7.71893e-05
4.37828e-09
7.71901e-05
4.59064e-09
7.7191e-05
4.81372e-09
7.7192e-05
5.04236e-09
7.7193e-05
5.2722e-09
7.7194e-05
5.50357e-09
7.71952e-05
5.74245e-09
7.71963e-05
5.99283e-09
7.71975e-05
6.25171e-09
7.71988e-05
6.51284e-09
7.72001e-05
6.77207e-09
7.72015e-05
7.03317e-09
7.72029e-05
7.30455e-09
7.72043e-05
7.58639e-09
7.72058e-05
7.86995e-09
7.72074e-05
8.15057e-09
7.7209e-05
8.43405e-09
7.72106e-05
8.72547e-09
7.72123e-05
9.01865e-09
7.72141e-05
9.30801e-09
7.72159e-05
9.60244e-09
7.72178e-05
9.91199e-09
7.72197e-05
1.02297e-08
7.72216e-05
1.0543e-08
7.72236e-05
1.0853e-08
7.72256e-05
1.11665e-08
7.72277e-05
1.14792e-08
7.72298e-05
1.17829e-08
7.7232e-05
1.20752e-08
7.72342e-05
1.23548e-08
7.72364e-05
1.26209e-08
7.72388e-05
1.28725e-08
7.72411e-05
1.31063e-08
7.72435e-05
1.33211e-08
7.72458e-05
1.35194e-08
7.72483e-05
1.36975e-08
7.72507e-05
1.38483e-08
7.72532e-05
1.39716e-08
7.72556e-05
1.40712e-08
7.72582e-05
1.41449e-08
7.72607e-05
1.41872e-08
7.72632e-05
1.41964e-08
7.72657e-05
1.41716e-08
7.72682e-05
1.41088e-08
7.72707e-05
1.40026e-08
7.72731e-05
1.38487e-08
7.72756e-05
1.36434e-08
7.72779e-05
1.33827e-08
7.72802e-05
1.30636e-08
7.72823e-05
1.26841e-08
7.72844e-05
1.22444e-08
7.72863e-05
1.17465e-08
7.72881e-05
1.11948e-08
7.72897e-05
1.05965e-08
7.72912e-05
9.96054e-09
7.72925e-05
9.29793e-09
7.72936e-05
8.62033e-09
7.72946e-05
7.93947e-09
7.72954e-05
7.2664e-09
7.72961e-05
6.61086e-09
7.72967e-05
5.98093e-09
7.72972e-05
5.38285e-09
7.72975e-05
4.82107e-09
7.72979e-05
4.29839e-09
7.72981e-05
3.81612e-09
7.72983e-05
3.37446e-09
7.72985e-05
2.97261e-09
7.72986e-05
2.60918e-09
7.72987e-05
2.28219e-09
7.72988e-05
1.98948e-09
7.72989e-05
1.72853e-09
7.72989e-05
1.49701e-09
7.7299e-05
1.29225e-09
7.7299e-05
1.11203e-09
7.7299e-05
9.5383e-10
7.72991e-05
8.1558e-10
7.72991e-05
6.95219e-10
7.72991e-05
5.90558e-10
7.72991e-05
5.0053e-10
7.72991e-05
4.2218e-10
7.72991e-05
3.56235e-10
7.72991e-05
2.98082e-10
7.72991e-05
2.51087e-10
7.72991e-05
2.08262e-10
7.72991e-05
1.7597e-10
7.72991e-05
1.44838e-10
7.72992e-05
1.23743e-10
7.72992e-05
1.01677e-10
7.72992e-05
8.91037e-11
7.72992e-05
7.40819e-11
7.72992e-05
6.81318e-11
7.72992e-05
5.8536e-11
7.72992e-05
5.75767e-11
7.72992e-05
5.21436e-11
7.72992e-05
5.4363e-11
7.72992e-05
5.19712e-11
5.54884e-11
8.40115e-05
3.04194e-09
8.40123e-05
3.19057e-09
8.40131e-05
3.34384e-09
8.4014e-05
3.50198e-09
8.40149e-05
3.66601e-09
8.40159e-05
3.83683e-09
8.40169e-05
4.0143e-09
8.4018e-05
4.19745e-09
8.40191e-05
4.38541e-09
8.40203e-05
4.57805e-09
8.40215e-05
4.77552e-09
8.40228e-05
4.97772e-09
8.40241e-05
5.18427e-09
8.40255e-05
5.39485e-09
8.40269e-05
5.60987e-09
8.40284e-05
5.82919e-09
8.40299e-05
6.05135e-09
8.40315e-05
6.27613e-09
8.40332e-05
6.50461e-09
8.40349e-05
6.73691e-09
8.40366e-05
6.97331e-09
8.40384e-05
7.21526e-09
8.40403e-05
7.46372e-09
8.40422e-05
7.7175e-09
8.40441e-05
7.97357e-09
8.40461e-05
8.22991e-09
8.40481e-05
8.48765e-09
8.40502e-05
8.74817e-09
8.40524e-05
9.00893e-09
8.40546e-05
9.26519e-09
8.40569e-05
9.51571e-09
8.40592e-05
9.76169e-09
8.40616e-05
1.0001e-08
8.40639e-05
1.02291e-08
8.40664e-05
1.04433e-08
8.40688e-05
1.06417e-08
8.40713e-05
1.08226e-08
8.40739e-05
1.09859e-08
8.40764e-05
1.11318e-08
8.4079e-05
1.12581e-08
8.40816e-05
1.13633e-08
8.40843e-05
1.14481e-08
8.40869e-05
1.15121e-08
8.40895e-05
1.15523e-08
8.40922e-05
1.15658e-08
8.40948e-05
1.15509e-08
8.40974e-05
1.15053e-08
8.41e-05
1.14256e-08
8.41025e-05
1.13089e-08
8.4105e-05
1.11526e-08
8.41074e-05
1.09542e-08
8.41098e-05
1.07117e-08
8.4112e-05
1.0424e-08
8.41142e-05
1.00909e-08
8.41162e-05
9.71382e-09
8.41181e-05
9.29555e-09
8.41199e-05
8.84056e-09
8.41215e-05
8.35479e-09
8.41229e-05
7.84534e-09
8.41242e-05
7.32009e-09
8.41254e-05
6.78721e-09
8.41264e-05
6.25468e-09
8.41273e-05
5.72994e-09
8.4128e-05
5.21951e-09
8.41287e-05
4.72887e-09
8.41292e-05
4.2623e-09
8.41297e-05
3.82299e-09
8.41301e-05
3.41297e-09
8.41305e-05
3.03342e-09
8.41308e-05
2.68461e-09
8.4131e-05
2.36624e-09
8.41312e-05
2.07737e-09
8.41314e-05
1.81686e-09
8.41315e-05
1.58305e-09
8.41316e-05
1.37439e-09
8.41317e-05
1.18887e-09
8.41318e-05
1.02489e-09
8.41319e-05
8.80341e-10
8.4132e-05
7.53665e-10
8.4132e-05
6.42982e-10
8.41321e-05
5.46639e-10
8.41321e-05
4.63425e-10
8.41321e-05
3.91124e-10
8.41322e-05
3.29884e-10
8.41322e-05
2.76193e-10
8.41322e-05
2.32339e-10
8.41322e-05
1.92814e-10
8.41322e-05
1.62508e-10
8.41322e-05
1.33771e-10
8.41323e-05
1.13788e-10
8.41323e-05
9.34259e-11
8.41323e-05
8.11804e-11
8.41323e-05
6.73966e-11
8.41323e-05
6.10107e-11
8.41323e-05
5.22828e-11
8.41323e-05
5.03205e-11
8.41323e-05
4.53138e-11
8.41323e-05
4.61694e-11
8.41323e-05
4.37664e-11
4.57909e-11
9.1439e-05
2.21112e-09
9.14399e-05
2.31863e-09
9.14408e-05
2.4309e-09
9.14417e-05
2.54731e-09
9.14427e-05
2.66803e-09
9.14438e-05
2.79337e-09
9.14449e-05
2.92335e-09
9.1446e-05
3.05753e-09
9.14472e-05
3.19533e-09
9.14484e-05
3.33654e-09
9.14497e-05
3.48159e-09
9.14511e-05
3.63089e-09
9.14525e-05
3.78433e-09
9.14539e-05
3.94132e-09
9.14554e-05
4.10129e-09
9.1457e-05
4.26446e-09
9.14586e-05
4.43161e-09
9.14603e-05
4.60296e-09
9.1462e-05
4.77789e-09
9.14638e-05
4.95601e-09
9.14656e-05
5.13791e-09
9.14675e-05
5.32395e-09
9.14695e-05
5.51322e-09
9.14715e-05
5.70504e-09
9.14736e-05
5.90033e-09
9.14757e-05
6.1e-09
9.14779e-05
6.3026e-09
9.14801e-05
6.50552e-09
9.14824e-05
6.70771e-09
9.14848e-05
6.90899e-09
9.14872e-05
7.10776e-09
9.14896e-05
7.30151e-09
9.14922e-05
7.48824e-09
9.14947e-05
7.6666e-09
9.14973e-05
7.83551e-09
9.15e-05
7.99367e-09
9.15027e-05
8.13967e-09
9.15054e-05
8.27281e-09
9.15081e-05
8.39289e-09
9.15109e-05
8.49892e-09
9.15136e-05
8.58943e-09
9.15164e-05
8.66379e-09
9.15192e-05
8.72161e-09
9.1522e-05
8.76161e-09
9.15248e-05
8.78199e-09
9.15276e-05
8.78121e-09
9.15303e-05
8.75769e-09
9.1533e-05
8.70945e-09
9.15357e-05
8.63438e-09
9.15383e-05
8.53056e-09
9.15409e-05
8.39638e-09
9.15434e-05
8.23052e-09
9.15457e-05
8.03215e-09
9.1548e-05
7.80119e-09
9.15502e-05
7.53838e-09
9.15523e-05
7.24538e-09
9.15542e-05
6.92482e-09
9.1556e-05
6.58024e-09
9.15576e-05
6.21598e-09
9.15591e-05
5.83698e-09
9.15604e-05
5.44852e-09
9.15616e-05
5.05597e-09
9.15627e-05
4.66453e-09
9.15636e-05
4.27903e-09
9.15644e-05
3.90377e-09
9.15652e-05
3.54238e-09
9.15658e-05
3.19784e-09
9.15663e-05
2.87237e-09
9.15668e-05
2.56757e-09
9.15672e-05
2.28436e-09
9.15675e-05
2.02322e-09
9.15678e-05
1.78402e-09
9.15681e-05
1.56643e-09
9.15683e-05
1.36957e-09
9.15685e-05
1.19267e-09
9.15686e-05
1.03436e-09
9.15688e-05
8.93679e-10
9.15689e-05
7.6901e-10
9.1569e-05
6.59372e-10
9.1569e-05
5.63122e-10
9.15691e-05
4.79222e-10
9.15692e-05
4.06389e-10
9.15692e-05
3.43191e-10
9.15693e-05
2.89298e-10
9.15693e-05
2.42287e-10
9.15693e-05
2.03492e-10
9.15693e-05
1.68864e-10
9.15694e-05
1.41893e-10
9.15694e-05
1.16699e-10
9.15694e-05
9.87353e-11
9.15694e-05
8.08785e-11
9.15694e-05
6.95973e-11
9.15694e-05
5.75446e-11
9.15694e-05
5.12551e-11
9.15694e-05
4.36576e-11
9.15695e-05
4.11548e-11
9.15695e-05
3.67199e-11
9.15695e-05
3.65771e-11
9.15695e-05
3.42777e-11
3.48105e-11
9.95235e-05
9.95244e-05
9.95254e-05
9.95265e-05
9.95276e-05
9.95287e-05
9.95299e-05
9.95311e-05
9.95324e-05
9.95337e-05
9.95351e-05
9.95366e-05
9.95381e-05
9.95396e-05
9.95412e-05
9.95429e-05
9.95446e-05
9.95464e-05
9.95482e-05
9.95501e-05
9.95521e-05
9.95541e-05
9.95562e-05
9.95583e-05
9.95605e-05
9.95628e-05
9.95651e-05
9.95675e-05
9.95699e-05
9.95724e-05
9.9575e-05
9.95776e-05
9.95802e-05
9.95829e-05
9.95857e-05
9.95885e-05
9.95913e-05
9.95942e-05
9.9597e-05
9.95999e-05
9.96028e-05
9.96058e-05
9.96087e-05
9.96116e-05
9.96145e-05
9.96174e-05
9.96202e-05
9.96231e-05
9.96258e-05
9.96285e-05
9.96312e-05
9.96338e-05
9.96363e-05
9.96387e-05
9.9641e-05
9.96431e-05
9.96452e-05
9.96471e-05
9.96489e-05
9.96505e-05
9.9652e-05
9.96534e-05
9.96547e-05
9.96558e-05
9.96569e-05
9.96578e-05
9.96586e-05
9.96593e-05
9.96599e-05
9.96605e-05
9.9661e-05
9.96614e-05
9.96618e-05
9.96621e-05
9.96624e-05
9.96627e-05
9.96629e-05
9.96631e-05
9.96632e-05
9.96633e-05
9.96635e-05
9.96636e-05
9.96636e-05
9.96637e-05
9.96638e-05
9.96638e-05
9.96639e-05
9.96639e-05
9.96639e-05
9.96639e-05
9.9664e-05
9.9664e-05
9.9664e-05
9.9664e-05
9.9664e-05
9.9664e-05
9.96641e-05
9.96641e-05
9.96641e-05
)
;

boundaryField
{
    zeroGradientPlanes
    {
        type            calculated;
        value           nonuniform List<scalar> 
160
(
-4.00633e-09
1.26134e-08
5.30449e-09
-6.95637e-09
-1.84873e-08
-1.65289e-08
-4.59252e-09
8.91128e-09
1.74402e-08
1.89303e-08
1.49174e-08
8.89516e-09
2.77745e-09
-1.75711e-09
-5.13099e-09
-6.85311e-09
-7.85433e-09
-8.38739e-09
-8.23836e-09
-7.90803e-09
1.80633e-05
2.16497e-05
2.3612e-05
2.56999e-05
2.79718e-05
3.04444e-05
3.31357e-05
3.60648e-05
3.92529e-05
4.27228e-05
4.64994e-05
5.06099e-05
5.50837e-05
5.9953e-05
6.52528e-05
7.10211e-05
7.72992e-05
8.41323e-05
9.15695e-05
9.96641e-05
1.55118e-10
4.52265e-10
6.97157e-10
9.16057e-10
1.11377e-09
1.27745e-09
1.40036e-09
1.48936e-09
1.55386e-09
1.59651e-09
1.61618e-09
1.6142e-09
1.59538e-09
1.56478e-09
1.52557e-09
1.479e-09
1.42597e-09
1.36768e-09
1.30575e-09
1.24353e-09
1.29827e-09
1.36365e-09
1.43224e-09
1.50407e-09
1.57903e-09
1.65709e-09
1.73827e-09
1.82256e-09
1.90984e-09
1.99998e-09
2.09291e-09
2.18859e-09
2.28708e-09
2.38845e-09
2.49276e-09
2.60009e-09
2.71035e-09
2.82339e-09
2.93931e-09
3.05839e-09
3.18069e-09
3.30636e-09
3.43578e-09
3.56917e-09
3.70593e-09
3.8447e-09
3.98457e-09
4.12583e-09
4.26862e-09
4.41147e-09
4.5524e-09
4.69069e-09
4.82631e-09
4.95824e-09
5.08472e-09
5.20452e-09
5.31683e-09
5.42097e-09
5.51646e-09
5.60291e-09
5.67976e-09
5.74647e-09
5.8026e-09
5.84745e-09
5.8799e-09
5.8987e-09
5.90261e-09
5.89032e-09
5.86045e-09
5.81166e-09
5.74277e-09
5.65281e-09
5.54103e-09
5.4071e-09
5.25113e-09
5.0738e-09
4.87634e-09
4.66061e-09
4.429e-09
4.18435e-09
3.92988e-09
3.66898e-09
3.40512e-09
3.14168e-09
2.88183e-09
2.62845e-09
2.38403e-09
2.1506e-09
1.9298e-09
1.72278e-09
1.53033e-09
1.35276e-09
1.19021e-09
1.04235e-09
9.08848e-10
7.88903e-10
6.81979e-10
5.86964e-10
5.03248e-10
4.29618e-10
3.65394e-10
3.09561e-10
2.61144e-10
2.19781e-10
1.83771e-10
1.53961e-10
1.2745e-10
1.06663e-10
8.73765e-11
7.34169e-11
5.97293e-11
5.07845e-11
4.15007e-11
3.62927e-11
3.03767e-11
2.80512e-11
2.45853e-11
2.41383e-11
2.23756e-11
2.25495e-11
)
;
    }
    inlet
    {
        type            calculated;
        value           nonuniform List<scalar> 
20
(
-1.99006e-05
-2.16598e-05
-2.35745e-05
-2.56584e-05
-2.79266e-05
-3.03953e-05
-3.30822e-05
-3.60066e-05
-3.91895e-05
-4.26538e-05
-4.64243e-05
-5.05282e-05
-5.49948e-05
-5.98562e-05
-6.51474e-05
-7.09063e-05
-7.71743e-05
-8.39964e-05
-9.14216e-05
-9.95031e-05
)
;
    }
    plate
    {
        type            calculated;
        value           uniform 0;
    }
    frontAndBack
    {
        type            empty;
        value           nonuniform List<scalar> 0();
    }
}


// ************************************************************************* //
