/*--------------------------------*- C++ -*----------------------------------*\
| =========                 |                                                 |
| \\      /  F ield         | OpenFOAM: The Open Source CFD Toolbox           |
|  \\    /   O peration     | Version:  v2012                                 |
|   \\  /    A nd           | Website:  www.openfoam.com                      |
|    \\/     M anipulation  |                                                 |
\*---------------------------------------------------------------------------*/
FoamFile
{
    version     2.0;
    format      ascii;
    class       volVectorField;
    location    "0.2";
    object      U;
}
// * * * * * * * * * * * * * * * * * * * * * * * * * * * * * * * * * * * * * //

dimensions      [0 1 -1 0 0 0 0];


internalField   nonuniform List<vector> 
2400
(
(0.997621 3.76131e-05 0)
(1.00221 -0.000137582 0)
(0.997942 -5.96783e-05 0)
(1.00194 9.10963e-05 0)
(0.998188 0.000267185 0)
(1.00132 0.000254308 0)
(0.998306 7.54028e-05 0)
(1.00133 -0.000165759 0)
(0.998756 -0.000345364 0)
(1.00102 -0.000406605 0)
(0.998756 -0.000349007 0)
(1.00085 -0.000227035 0)
(0.999036 -7.66102e-05 0)
(1.00069 6.36205e-05 0)
(0.998987 0.000191508 0)
(1.00041 0.000278647 0)
(0.9991 0.000348376 0)
(1.00038 0.000402504 0)
(0.999241 0.000426855 0)
(1.00021 0.000442998 0)
(1.00001 3.23957e-05 0)
(1.00005 -0.000150412 0)
(0.999833 -5.82374e-05 0)
(0.999951 0.000118901 0)
(0.999931 0.000290954 0)
(0.999982 0.000273344 0)
(1.0001 7.83195e-05 0)
(1.00025 -0.000184222 0)
(1.00007 -0.000371626 0)
(0.999736 -0.000423058 0)
(0.999467 -0.000350244 0)
(0.999425 -0.000209183 0)
(0.999431 -3.28678e-05 0)
(0.999407 0.000137597 0)
(0.99936 0.000305381 0)
(0.999421 0.000431653 0)
(0.999557 0.00053304 0)
(0.999684 0.000608881 0)
(0.999728 0.000642206 0)
(0.999691 0.000659413 0)
(1.00006 2.27287e-06 0)
(1.00001 -5.59123e-05 0)
(0.99988 -7.07951e-05 0)
(0.999927 9.5046e-05 0)
(0.999963 0.000194946 0)
(0.999975 0.000184686 0)
(1.00012 6.45512e-05 0)
(1.00025 -9.94025e-05 0)
(1.0001 -0.000217997 0)
(0.999748 -0.000236082 0)
(0.999495 -0.000181962 0)
(0.999442 -7.93415e-05 0)
(0.999465 4.41714e-05 0)
(0.999445 0.000170998 0)
(0.999416 0.000296315 0)
(0.999472 0.000397077 0)
(0.999602 0.000458734 0)
(0.99971 0.00049109 0)
(0.999739 0.000499685 0)
(0.999705 0.000497483 0)
(1.00005 -5.24073e-06 0)
(0.999991 -4.01437e-05 0)
(0.999911 -7.02487e-05 0)
(0.999994 8.12772e-05 0)
(0.999988 0.000210997 0)
(0.999934 0.000192917 0)
(1.00003 6.79238e-05 0)
(1.00016 -9.1719e-05 0)
(1.00006 -0.00020064 0)
(0.999776 -0.000212028 0)
(0.999583 -0.000145075 0)
(0.999569 -3.81683e-05 0)
(0.999608 8.37781e-05 0)
(0.99959 0.000206416 0)
(0.999545 0.000318698 0)
(0.999564 0.000400145 0)
(0.999656 0.000444363 0)
(0.999738 0.000470838 0)
(0.999753 0.000489534 0)
(0.999716 0.000505973 0)
(1.00005 -1.88232e-05 0)
(0.999988 -7.24251e-06 0)
(0.999912 -2.19142e-05 0)
(1.00001 1.69124e-05 0)
(0.999996 0.000142143 0)
(0.999921 0.00016194 0)
(1.00002 6.37035e-05 0)
(1.00015 -4.19473e-05 0)
(1.00007 -8.88854e-05 0)
(0.999813 -7.60053e-05 0)
(0.999633 -2.61834e-05 0)
(0.999624 4.3842e-05 0)
(0.999671 0.000127505 0)
(0.999656 0.00021822 0)
(0.999607 0.000298204 0)
(0.999614 0.000354971 0)
(0.999701 0.000389649 0)
(0.999787 0.000419898 0)
(0.999808 0.000449281 0)
(0.999773 0.000476967 0)
(1.00004 -1.5338e-05 0)
(0.999979 -1.6873e-05 0)
(0.999907 1.44353e-05 0)
(1.00004 1.19863e-06 0)
(1.00004 0.000107689 0)
(0.999895 0.000182544 0)
(0.999942 9.07932e-05 0)
(1.0001 -3.14922e-05 0)
(1.00006 -6.95676e-05 0)
(0.999838 -3.59531e-05 0)
(0.99969 1.30223e-05 0)
(0.999708 6.80399e-05 0)
(0.999775 0.000138434 0)
(0.999764 0.000224931 0)
(0.999699 0.000305361 0)
(0.999682 0.000361884 0)
(0.999751 0.000390214 0)
(0.999831 0.000409799 0)
(0.999848 0.000433571 0)
(0.99981 0.000454407 0)
(1.00003 -8.15446e-06 0)
(0.999987 -2.5559e-05 0)
(0.9999 5.56581e-05 0)
(1.00003 4.07689e-06 0)
(1.00005 3.01692e-05 0)
(0.999899 0.000142489 0)
(0.999905 0.000127774 0)
(1.00007 1.36046e-05 0)
(1.00008 -2.21216e-05 0)
(0.999887 3.71432e-05 0)
(0.999729 0.000100901 0)
(0.999744 0.000133402 0)
(0.999826 0.000164204 0)
(0.999833 0.000220469 0)
(0.999767 0.000290611 0)
(0.999728 0.000345117 0)
(0.999779 0.000368459 0)
(0.999863 0.000374634 0)
(0.999891 0.000393125 0)
(0.999866 0.000416673 0)
(1.00002 2.99165e-06 0)
(0.999992 -3.86389e-05 0)
(0.999899 5.69752e-05 0)
(1.00001 3.73457e-05 0)
(1.00008 8.03662e-06 0)
(0.999929 0.000110885 0)
(0.999862 0.000159263 0)
(1.00001 6.28303e-05 0)
(1.00008 -7.58775e-06 0)
(0.999938 4.09305e-05 0)
(0.999779 0.000124401 0)
(0.999779 0.000165965 0)
(0.999874 0.000180537 0)
(0.99991 0.000213624 0)
(0.999853 0.000274019 0)
(0.999791 0.00033244 0)
(0.999805 0.000364546 0)
(0.999882 0.000368688 0)
(0.999927 0.000377854 0)
(0.999917 0.000399037 0)
(1.00001 9.356e-06 0)
(1 -3.76666e-05 0)
(0.999917 5.29527e-05 0)
(0.999983 6.7257e-05 0)
(1.00007 -1.04221e-06 0)
(0.999965 5.59692e-05 0)
(0.999864 0.00014725 0)
(0.999962 0.000119111 0)
(1.00007 4.39824e-05 0)
(0.999997 6.16804e-05 0)
(0.999843 0.000145312 0)
(0.999805 0.000202105 0)
(0.999886 0.000211444 0)
(0.999947 0.000218428 0)
(0.999919 0.000254936 0)
(0.999856 0.000306656 0)
(0.99984 0.000347272 0)
(0.999895 0.000360676 0)
(0.999952 0.000364041 0)
(0.999962 0.000378744 0)
(1.00001 1.3511e-05 0)
(1.00001 -2.61992e-05 0)
(0.999935 3.31876e-05 0)
(0.999967 7.75555e-05 0)
(1.00006 2.53002e-05 0)
(1 3.91625e-05 0)
(0.999889 0.000129324 0)
(0.999925 0.000149061 0)
(1.00004 9.00309e-05 0)
(1.00003 7.37131e-05 0)
(0.999912 0.000134781 0)
(0.99985 0.000202271 0)
(0.999899 0.000226897 0)
(0.99997 0.000228408 0)
(0.999974 0.000246778 0)
(0.999927 0.0002859 0)
(0.999893 0.000327387 0)
(0.999915 0.000350859 0)
(0.999966 0.000356589 0)
(0.999991 0.000365545 0)
(1 1.35417e-05 0)
(1.00001 -1.34256e-05 0)
(0.99996 2.34902e-05 0)
(0.999963 7.98327e-05 0)
(1.00003 4.92134e-05 0)
(1.00002 3.32489e-05 0)
(0.999929 9.92674e-05 0)
(0.999923 0.000149733 0)
(1.00001 0.000129243 0)
(1.00004 0.00010512 0)
(0.999972 0.000137191 0)
(0.999906 0.000196027 0)
(0.999918 0.000232309 0)
(0.999975 0.00023875 0)
(1 0.000245369 0)
(0.999981 0.000269135 0)
(0.999949 0.000302643 0)
(0.999948 0.000330555 0)
(0.999982 0.000343667 0)
(1.00001 0.000351965 0)
(1 1.17699e-05 0)
(1.00001 9.76234e-07 0)
(0.999977 1.87607e-05 0)
(0.999968 6.72863e-05 0)
(1.00002 6.52504e-05 0)
(1.00003 4.80252e-05 0)
(0.999967 8.63186e-05 0)
(0.99994 0.000139666 0)
(0.999988 0.000146899 0)
(1.00003 0.000129709 0)
(1.00001 0.000141029 0)
(0.999959 0.000182581 0)
(0.999951 0.000221114 0)
(0.999986 0.000237759 0)
(1.00002 0.000244451 0)
(1.00002 0.000258991 0)
(1 0.000283032 0)
(0.999993 0.0003086 0)
(1.00001 0.000325938 0)
(1.00003 0.000335835 0)
(0.999999 9.95303e-06 0)
(1.00001 9.93337e-06 0)
(0.99999 2.02882e-05 0)
(0.999979 5.88242e-05 0)
(1.00001 7.18775e-05 0)
(1.00002 6.20663e-05 0)
(0.999994 8.09068e-05 0)
(0.999967 0.000123851 0)
(0.999988 0.000146836 0)
(1.00003 0.000144894 0)
(1.00003 0.000149621 0)
(1 0.000175334 0)
(0.999989 0.000207216 0)
(1.00001 0.000228488 0)
(1.00003 0.000238863 0)
(1.00004 0.000249362 0)
(1.00004 0.000265581 0)
(1.00003 0.000285469 0)
(1.00004 0.000302605 0)
(1.00006 0.00031461 0)
(0.999999 8.35405e-06 0)
(1 1.57414e-05 0)
(0.999998 2.41404e-05 0)
(0.99999 5.09833e-05 0)
(1 6.99172e-05 0)
(1.00002 7.14445e-05 0)
(1.00001 8.28205e-05 0)
(0.999993 0.00011286 0)
(1 0.000138568 0)
(1.00003 0.000147397 0)
(1.00004 0.000152581 0)
(1.00003 0.000168404 0)
(1.00002 0.000191916 0)
(1.00003 0.000212676 0)
(1.00005 0.000226219 0)
(1.00006 0.000236616 0)
(1.00007 0.000248778 0)
(1.00007 0.00026354 0)
(1.00007 0.000278205 0)
(1.00008 0.000290199 0)
(1 7.41499e-06 0)
(1 1.79059e-05 0)
(1 2.68745e-05 0)
(0.999999 4.64438e-05 0)
(1.00001 6.55541e-05 0)
(1.00002 7.41364e-05 0)
(1.00002 8.37497e-05 0)
(1.00001 0.000104082 0)
(1.00002 0.000126397 0)
(1.00003 0.000140269 0)
(1.00005 0.000148782 0)
(1.00005 0.00016065 0)
(1.00005 0.000177706 0)
(1.00006 0.000195127 0)
(1.00007 0.000208788 0)
(1.00008 0.000219293 0)
(1.00009 0.00022928 0)
(1.0001 0.000240291 0)
(1.0001 0.00025182 0)
(1.00011 0.000262391 0)
(1 6.67027e-06 0)
(1 1.8177e-05 0)
(1 2.79586e-05 0)
(1.00001 4.28725e-05 0)
(1.00001 5.9485e-05 0)
(1.00002 7.09947e-05 0)
(1.00003 8.11073e-05 0)
(1.00003 9.60166e-05 0)
(1.00003 0.000113646 0)
(1.00004 0.000128007 0)
(1.00006 0.00013841 0)
(1.00007 0.000148683 0)
(1.00007 0.000161205 0)
(1.00008 0.000174658 0)
(1.00009 0.000186743 0)
(1.0001 0.000196906 0)
(1.00011 0.000206046 0)
(1.00012 0.00021515 0)
(1.00012 0.000224389 0)
(1.00013 0.000233224 0)
(1 5.99352e-06 0)
(1 1.69987e-05 0)
(1.00001 2.67603e-05 0)
(1.00001 3.87502e-05 0)
(1.00002 5.24028e-05 0)
(1.00003 6.40531e-05 0)
(1.00003 7.42058e-05 0)
(1.00004 8.59642e-05 0)
(1.00005 9.94586e-05 0)
(1.00006 0.000111988 0)
(1.00007 0.000122244 0)
(1.00008 0.000131527 0)
(1.00009 0.000141358 0)
(1.0001 0.000151773 0)
(1.0001 0.000161792 0)
(1.00012 0.000170741 0)
(1.00013 0.000178744 0)
(1.00013 0.000186236 0)
(1.00014 0.0001935 0)
(1.00015 0.000200471 0)
(1 5.18363e-06 0)
(1 1.48303e-05 0)
(1.00001 2.36256e-05 0)
(1.00001 3.3266e-05 0)
(1.00002 4.3911e-05 0)
(1.00003 5.39203e-05 0)
(1.00004 6.28878e-05 0)
(1.00005 7.21131e-05 0)
(1.00006 8.21312e-05 0)
(1.00007 9.19799e-05 0)
(1.00008 0.000100717 0)
(1.00009 0.000108559 0)
(1.0001 0.000116211 0)
(1.00011 0.000123948 0)
(1.00012 0.000131482 0)
(1.00013 0.000138453 0)
(1.00014 0.000144808 0)
(1.00015 0.0001507 0)
(1.00016 0.000156303 0)
(1.00017 0.000161645 0)
(1 4.2985e-06 0)
(1 1.24302e-05 0)
(1.00001 2.00788e-05 0)
(1.00002 2.81497e-05 0)
(1.00002 3.68167e-05 0)
(1.00003 4.53891e-05 0)
(1.00004 5.34466e-05 0)
(1.00005 6.13457e-05 0)
(1.00006 6.94255e-05 0)
(1.00007 7.74378e-05 0)
(1.00009 8.49428e-05 0)
(1.0001 9.18469e-05 0)
(1.00011 9.83846e-05 0)
(1.00012 0.000104764 0)
(1.00013 0.000110974 0)
(1.00014 0.000116873 0)
(1.00015 0.000122364 0)
(1.00016 0.000127448 0)
(1.00017 0.000132182 0)
(1.00018 0.00013661 0)
(1 1.92787e-06 0)
(1 5.65207e-06 0)
(1.00001 9.26335e-06 0)
(1.00002 1.3093e-05 0)
(1.00003 1.71982e-05 0)
(1.00004 2.13554e-05 0)
(1.00005 2.53819e-05 0)
(1.00006 2.9306e-05 0)
(1.00007 3.32127e-05 0)
(1.00008 3.70647e-05 0)
(1.00009 4.07487e-05 0)
(1.00011 4.42125e-05 0)
(1.00012 4.74984e-05 0)
(1.00013 5.06644e-05 0)
(1.00014 5.37229e-05 0)
(1.00015 5.66403e-05 0)
(1.00016 5.93828e-05 0)
(1.00017 6.19389e-05 0)
(1.00018 6.43205e-05 0)
(1.00019 6.65453e-05 0)
(0.999054 0.000454173 0)
(0.997887 0.00048713 0)
(0.996805 0.000554139 0)
(0.995807 0.000626615 0)
(0.994839 0.000677677 0)
(0.993843 0.000719205 0)
(0.99285 0.000754935 0)
(0.991913 0.000775409 0)
(0.990962 0.000780901 0)
(0.989906 0.000786672 0)
(0.988724 0.000801251 0)
(0.98747 0.000816149 0)
(0.986235 0.000826998 0)
(0.984998 0.000834292 0)
(0.983698 0.000834905 0)
(0.982358 0.000826252 0)
(0.981039 0.00081056 0)
(0.979783 0.000792898 0)
(0.978561 0.000778091 0)
(0.977281 0.000774106 0)
(0.975944 0.000785736 0)
(0.974611 0.000804455 0)
(0.973244 0.000823015 0)
(0.971774 0.000842728 0)
(0.970239 0.000853641 0)
(0.968712 0.000840778 0)
(0.967206 0.000814251 0)
(0.965707 0.000800927 0)
(0.964203 0.000808025 0)
(0.962658 0.000820175 0)
(0.961055 0.000827408 0)
(0.959406 0.000832261 0)
(0.957725 0.000833039 0)
(0.956026 0.000825351 0)
(0.954333 0.000818745 0)
(0.952627 0.000824992 0)
(0.950855 0.000833817 0)
(0.949027 0.000828376 0)
(0.947204 0.000817327 0)
(0.945385 0.000821631 0)
(0.943509 0.000836457 0)
(0.941561 0.000836366 0)
(0.939601 0.000817071 0)
(0.937667 0.000805304 0)
(0.935711 0.000820508 0)
(0.933663 0.00084516 0)
(0.931529 0.000845204 0)
(0.929394 0.000812726 0)
(0.927329 0.000777755 0)
(0.925306 0.000777523 0)
(0.923212 0.000818999 0)
(0.920942 0.000871048 0)
(0.918506 0.000888124 0)
(0.916043 0.000840931 0)
(0.913758 0.000730687 0)
(0.911826 0.000582333 0)
(0.910338 0.000427668 0)
(0.90929 0.00029133 0)
(0.908611 0.000185356 0)
(0.908205 0.00011087 0)
(0.907978 6.26988e-05 0)
(0.90786 3.36768e-05 0)
(0.907801 1.72362e-05 0)
(0.907771 8.46655e-06 0)
(0.907755 4.05519e-06 0)
(0.907745 1.99954e-06 0)
(0.907738 1.06876e-06 0)
(0.907732 7.05601e-07 0)
(0.907727 4.94581e-07 0)
(0.907721 4.58648e-07 0)
(0.907718 3.28742e-07 0)
(0.907712 3.83097e-07 0)
(0.907712 2.14564e-07 0)
(0.907705 3.43206e-07 0)
(0.907708 1.08534e-07 0)
(0.907698 3.13693e-07 0)
(0.907707 2.73404e-08 0)
(0.90769 2.64665e-07 0)
(0.907709 1.6749e-08 0)
(0.907682 1.45662e-07 0)
(0.907714 1.16166e-07 0)
(0.907672 -6.10546e-08 0)
(0.907721 2.9483e-07 0)
(0.907662 -2.75952e-07 0)
(0.907727 3.96419e-07 0)
(0.907656 -2.93626e-07 0)
(0.90773 2.47848e-07 0)
(0.907655 -4.88979e-08 0)
(0.907726 -6.28654e-08 0)
(0.907658 1.87928e-07 0)
(0.907722 -1.46923e-07 0)
(0.907659 8.79484e-08 0)
(0.907723 6.49138e-08 0)
(0.907653 -6.2562e-08 0)
(0.907725 9.45582e-08 0)
(0.907646 1.81625e-07 0)
(0.907718 -1.26775e-07 0)
(0.907634 6.34509e-07 0)
(0.907694 -3.13297e-07 0)
(0.907594 1.53739e-06 0)
(0.999591 0.000680913 0)
(0.999511 0.000737007 0)
(0.99949 0.000835316 0)
(0.999496 0.000942439 0)
(0.999518 0.00102036 0)
(0.999533 0.00107869 0)
(0.999571 0.00112683 0)
(0.999685 0.00114953 0)
(0.999832 0.00113967 0)
(0.999943 0.00112324 0)
(0.999973 0.00112277 0)
(0.999965 0.00112744 0)
(1.00001 0.00113153 0)
(1.00007 0.00113986 0)
(1.00008 0.00114678 0)
(1.00005 0.00114514 0)
(1.00002 0.00113312 0)
(1.00005 0.00111384 0)
(1.0001 0.00109431 0)
(1.0001 0.00108463 0)
(1.00007 0.00109131 0)
(1.00009 0.00110823 0)
(1.00012 0.00112827 0)
(1.00011 0.0011499 0)
(1.00007 0.0011625 0)
(1.00007 0.00115195 0)
(1.00008 0.00112446 0)
(1.00005 0.00110419 0)
(1.00003 0.00110619 0)
(1.00003 0.00112138 0)
(1 0.00113219 0)
(0.999965 0.00113569 0)
(0.999931 0.00113674 0)
(0.999897 0.00113174 0)
(0.999864 0.00112244 0)
(0.999836 0.0011233 0)
(0.999796 0.0011341 0)
(0.99974 0.0011349 0)
(0.999684 0.00112284 0)
(0.999635 0.00112022 0)
(0.999584 0.00113424 0)
(0.999527 0.00114125 0)
(0.999466 0.00112531 0)
(0.9994 0.00110686 0)
(0.999324 0.00111462 0)
(0.999246 0.0011422 0)
(0.999178 0.0011521 0)
(0.99912 0.00112219 0)
(0.999055 0.00107584 0)
(0.998969 0.00106034 0)
(0.998863 0.00109813 0)
(0.998756 0.00116122 0)
(0.998681 0.00119051 0)
(0.998665 0.00113779 0)
(0.998722 0.00099433 0)
(0.998842 0.000789542 0)
(0.999003 0.0005694 0)
(0.999172 0.000373507 0)
(0.999327 0.000223196 0)
(0.999449 0.000121696 0)
(0.999536 6.08083e-05 0)
(0.999589 2.83403e-05 0)
(0.999617 1.30449e-05 0)
(0.999628 6.7728e-06 0)
(0.999627 4.52316e-06 0)
(0.999621 3.81455e-06 0)
(0.999613 3.49302e-06 0)
(0.999602 3.28571e-06 0)
(0.999595 2.94174e-06 0)
(0.999585 2.69438e-06 0)
(0.99958 2.25976e-06 0)
(0.99957 2.08653e-06 0)
(0.99957 1.61914e-06 0)
(0.999558 1.59292e-06 0)
(0.999564 1.09762e-06 0)
(0.999547 1.21635e-06 0)
(0.999563 7.20441e-07 0)
(0.999536 8.97585e-07 0)
(0.999565 5.20721e-07 0)
(0.999525 5.53403e-07 0)
(0.99957 5.22639e-07 0)
(0.999514 1.51005e-07 0)
(0.999575 6.50718e-07 0)
(0.999506 -1.87359e-07 0)
(0.999578 6.88882e-07 0)
(0.999502 -2.37886e-07 0)
(0.999576 3.98594e-07 0)
(0.999503 9.15759e-08 0)
(0.999572 -7.3438e-08 0)
(0.999506 3.87034e-07 0)
(0.999569 -1.96292e-07 0)
(0.999506 2.17232e-07 0)
(0.99957 8.67889e-08 0)
(0.999501 2.49379e-08 0)
(0.999571 1.03392e-07 0)
(0.999495 3.96842e-07 0)
(0.999563 -1.77099e-07 0)
(0.999484 9.89511e-07 0)
(0.999541 -2.60927e-07 0)
(0.999449 2.35817e-06 0)
(0.999628 0.000505294 0)
(0.999572 0.00053419 0)
(0.999564 0.000582255 0)
(0.999566 0.000643648 0)
(0.999572 0.000703344 0)
(0.999575 0.000755721 0)
(0.999601 0.000801131 0)
(0.999694 0.000834016 0)
(0.999826 0.000846763 0)
(0.999947 0.000841316 0)
(1 0.000836824 0)
(1.00002 0.000837852 0)
(1.00009 0.00083465 0)
(1.00018 0.000834348 0)
(1.00022 0.000844228 0)
(1.0002 0.000854963 0)
(1.00019 0.000858651 0)
(1.00023 0.000857027 0)
(1.0003 0.000852254 0)
(1.00033 0.000848561 0)
(1.00033 0.000851 0)
(1.00038 0.000858068 0)
(1.00045 0.000868519 0)
(1.00048 0.000884205 0)
(1.00048 0.000896416 0)
(1.00052 0.000892728 0)
(1.00057 0.000881108 0)
(1.00059 0.000878074 0)
(1.00062 0.000883328 0)
(1.00066 0.000889112 0)
(1.0007 0.000895116 0)
(1.00072 0.000902165 0)
(1.00075 0.000905535 0)
(1.00078 0.000902319 0)
(1.00082 0.000900059 0)
(1.00086 0.000906645 0)
(1.0009 0.000914357 0)
(1.00093 0.000911356 0)
(1.00096 0.000905312 0)
(1.001 0.000912179 0)
(1.00104 0.000925531 0)
(1.00108 0.000923698 0)
(1.00112 0.00090676 0)
(1.00116 0.000901056 0)
(1.0012 0.000920636 0)
(1.00125 0.000942978 0)
(1.00131 0.000935172 0)
(1.00137 0.0008965 0)
(1.00142 0.000864016 0)
(1.00145 0.000874782 0)
(1.0015 0.000926024 0)
(1.00159 0.000972501 0)
(1.00173 0.00096019 0)
(1.00189 0.000863417 0)
(1.00202 0.000697216 0)
(1.00211 0.000502704 0)
(1.00214 0.000322396 0)
(1.00211 0.000182845 0)
(1.00205 9.08405e-05 0)
(1.00198 3.92193e-05 0)
(1.00191 1.52768e-05 0)
(1.00185 7.02141e-06 0)
(1.0018 5.91809e-06 0)
(1.00176 7.06352e-06 0)
(1.00173 8.17879e-06 0)
(1.0017 8.59381e-06 0)
(1.00168 8.31954e-06 0)
(1.00167 7.65737e-06 0)
(1.00166 6.77303e-06 0)
(1.00165 5.91675e-06 0)
(1.00164 5.03225e-06 0)
(1.00163 4.34349e-06 0)
(1.00163 3.60374e-06 0)
(1.00162 3.14308e-06 0)
(1.00162 2.5303e-06 0)
(1.0016 2.26568e-06 0)
(1.00162 1.75798e-06 0)
(1.00159 1.61102e-06 0)
(1.00162 1.24339e-06 0)
(1.00158 1.07942e-06 0)
(1.00163 9.60934e-07 0)
(1.00157 6.03983e-07 0)
(1.00163 8.47146e-07 0)
(1.00156 2.28646e-07 0)
(1.00163 7.39723e-07 0)
(1.00156 8.85916e-08 0)
(1.00163 4.35672e-07 0)
(1.00156 2.6715e-07 0)
(1.00163 6.57728e-09 0)
(1.00156 4.72988e-07 0)
(1.00162 -1.55241e-07 0)
(1.00156 3.48724e-07 0)
(1.00162 3.35923e-08 0)
(1.00156 2.10058e-07 0)
(1.00163 2.80767e-08 0)
(1.00155 5.36666e-07 0)
(1.00162 -1.66126e-07 0)
(1.00154 9.58461e-07 0)
(1.0016 8.05452e-08 0)
(1.0015 1.83401e-06 0)
(0.999651 0.000523042 0)
(0.999618 0.000548619 0)
(0.999632 0.000591726 0)
(0.99965 0.000650658 0)
(0.999662 0.000716622 0)
(0.99966 0.000781979 0)
(0.999678 0.000836072 0)
(0.999762 0.000878927 0)
(0.999875 0.000914707 0)
(0.999977 0.000933519 0)
(1.00003 0.000940728 0)
(1.00003 0.00094959 0)
(1.00009 0.00094896 0)
(1.00019 0.000940134 0)
(1.00023 0.00094393 0)
(1.00021 0.000958684 0)
(1.0002 0.000970493 0)
(1.00023 0.000975509 0)
(1.0003 0.000978441 0)
(1.00034 0.000984275 0)
(1.00034 0.000988251 0)
(1.00039 0.000987764 0)
(1.00047 0.000991449 0)
(1.0005 0.0010041 0)
(1.00049 0.00101798 0)
(1.00053 0.00102328 0)
(1.00057 0.00102052 0)
(1.00059 0.00101659 0)
(1.00063 0.0010151 0)
(1.00068 0.00101692 0)
(1.00072 0.00102238 0)
(1.00074 0.00103027 0)
(1.00076 0.00103672 0)
(1.00079 0.00103726 0)
(1.00083 0.00103322 0)
(1.00088 0.0010323 0)
(1.00092 0.00103736 0)
(1.00095 0.001041 0)
(1.00097 0.00103875 0)
(1.00101 0.00103708 0)
(1.00107 0.00104062 0)
(1.00111 0.00104302 0)
(1.00115 0.00103828 0)
(1.00119 0.00103209 0)
(1.00123 0.00103338 0)
(1.00129 0.0010397 0)
(1.00136 0.00103866 0)
(1.00142 0.00102387 0)
(1.00146 0.00100464 0)
(1.00149 0.000996993 0)
(1.00155 0.00100572 0)
(1.00165 0.00101583 0)
(1.00179 0.0010006 0)
(1.00194 0.000938755 0)
(1.00206 0.000826988 0)
(1.00212 0.000680413 0)
(1.00213 0.000523351 0)
(1.00209 0.000378376 0)
(1.00202 0.000259557 0)
(1.00196 0.000171299 0)
(1.0019 0.000110884 0)
(1.00184 7.21441e-05 0)
(1.0018 4.84178e-05 0)
(1.00177 3.42214e-05 0)
(1.00175 2.56506e-05 0)
(1.00172 2.02497e-05 0)
(1.00171 1.65354e-05 0)
(1.00169 1.37953e-05 0)
(1.00168 1.15727e-05 0)
(1.00167 9.79413e-06 0)
(1.00167 8.21793e-06 0)
(1.00165 6.99057e-06 0)
(1.00165 5.81245e-06 0)
(1.00164 4.98533e-06 0)
(1.00165 4.08187e-06 0)
(1.00163 3.54348e-06 0)
(1.00164 2.85798e-06 0)
(1.00162 2.48019e-06 0)
(1.00165 2.03539e-06 0)
(1.00161 1.65301e-06 0)
(1.00165 1.53037e-06 0)
(1.00159 9.89581e-07 0)
(1.00166 1.2259e-06 0)
(1.00159 5.22362e-07 0)
(1.00166 9.22619e-07 0)
(1.00158 3.76505e-07 0)
(1.00166 4.78906e-07 0)
(1.00158 5.09848e-07 0)
(1.00165 3.08476e-08 0)
(1.00159 6.0196e-07 0)
(1.00165 -8.43557e-08 0)
(1.00159 4.21512e-07 0)
(1.00165 6.70771e-08 0)
(1.00158 3.36914e-07 0)
(1.00165 2.32497e-09 0)
(1.00158 6.76734e-07 0)
(1.00164 -1.37335e-07 0)
(1.00156 1.0815e-06 0)
(1.00162 2.14727e-07 0)
(1.00153 1.71259e-06 0)
(0.999707 0.000504131 0)
(0.99968 0.000526587 0)
(0.99971 0.000557723 0)
(0.999735 0.000605004 0)
(0.999745 0.00065796 0)
(0.999729 0.000715052 0)
(0.999725 0.000763268 0)
(0.999793 0.000794302 0)
(0.999895 0.000819962 0)
(0.999982 0.000837062 0)
(1.00003 0.000845986 0)
(1.00003 0.000856491 0)
(1.00008 0.000854527 0)
(1.00018 0.000837379 0)
(1.00024 0.000829493 0)
(1.00023 0.000840573 0)
(1.00021 0.00085746 0)
(1.00024 0.000864399 0)
(1.00031 0.00086552 0)
(1.00034 0.000876885 0)
(1.00033 0.000889422 0)
(1.00038 0.00088353 0)
(1.00047 0.000872335 0)
(1.0005 0.000876738 0)
(1.0005 0.000887634 0)
(1.00053 0.000892407 0)
(1.00057 0.000896237 0)
(1.00059 0.00090055 0)
(1.00062 0.000899665 0)
(1.00067 0.000895422 0)
(1.00071 0.000894445 0)
(1.00074 0.000899765 0)
(1.00076 0.000907887 0)
(1.00079 0.000911148 0)
(1.00082 0.000907221 0)
(1.00088 0.00090389 0)
(1.00092 0.000906497 0)
(1.00094 0.000909374 0)
(1.00097 0.000908099 0)
(1.00102 0.000907273 0)
(1.00107 0.000909223 0)
(1.00111 0.000908 0)
(1.00114 0.000901194 0)
(1.00119 0.000896579 0)
(1.00123 0.000900174 0)
(1.00129 0.00090491 0)
(1.00134 0.000898183 0)
(1.0014 0.000878352 0)
(1.00145 0.000858697 0)
(1.0015 0.000853832 0)
(1.00157 0.000863089 0)
(1.00165 0.000867055 0)
(1.00176 0.000839979 0)
(1.00187 0.000766911 0)
(1.00196 0.000652259 0)
(1.00203 0.000515669 0)
(1.00205 0.000380905 0)
(1.00204 0.000265984 0)
(1.002 0.000179025 0)
(1.00195 0.000119466 0)
(1.0019 8.17911e-05 0)
(1.00185 5.91611e-05 0)
(1.00181 4.5653e-05 0)
(1.00178 3.7126e-05 0)
(1.00175 3.11245e-05 0)
(1.00173 2.64337e-05 0)
(1.00171 2.24937e-05 0)
(1.00169 1.91242e-05 0)
(1.00168 1.61901e-05 0)
(1.00167 1.37039e-05 0)
(1.00166 1.1533e-05 0)
(1.00165 9.74948e-06 0)
(1.00165 8.15961e-06 0)
(1.00164 6.91006e-06 0)
(1.00165 5.7448e-06 0)
(1.00163 4.87645e-06 0)
(1.00164 4.0336e-06 0)
(1.00162 3.40473e-06 0)
(1.00165 2.84789e-06 0)
(1.00161 2.31363e-06 0)
(1.00165 2.05633e-06 0)
(1.00159 1.49656e-06 0)
(1.00166 1.51998e-06 0)
(1.00159 9.39114e-07 0)
(1.00166 1.0729e-06 0)
(1.00158 6.86148e-07 0)
(1.00166 5.90267e-07 0)
(1.00158 6.90888e-07 0)
(1.00165 1.56845e-07 0)
(1.00159 6.87407e-07 0)
(1.00165 2.17827e-08 0)
(1.00159 4.8622e-07 0)
(1.00165 1.25948e-07 0)
(1.00158 3.9361e-07 0)
(1.00165 8.55749e-08 0)
(1.00158 6.70542e-07 0)
(1.00164 3.67818e-08 0)
(1.00157 9.93993e-07 0)
(1.00162 4.12679e-07 0)
(1.00153 1.55871e-06 0)
(0.999738 0.000482762 0)
(0.999707 0.000508109 0)
(0.999752 0.000526349 0)
(0.999796 0.000559522 0)
(0.999818 0.00060215 0)
(0.999807 0.000652288 0)
(0.99979 0.000705072 0)
(0.999842 0.000738587 0)
(0.999936 0.000759585 0)
(1.00002 0.000776477 0)
(1.00005 0.000792162 0)
(1.00005 0.000813451 0)
(1.00008 0.000823138 0)
(1.00017 0.000812616 0)
(1.00023 0.000803229 0)
(1.00024 0.000811556 0)
(1.00022 0.000833449 0)
(1.00024 0.000847409 0)
(1.00032 0.00084589 0)
(1.00036 0.000854193 0)
(1.00034 0.000878729 0)
(1.00037 0.000886293 0)
(1.00046 0.000873524 0)
(1.00051 0.000874148 0)
(1.00051 0.000888686 0)
(1.00053 0.000895722 0)
(1.00057 0.000900608 0)
(1.00059 0.000910795 0)
(1.00062 0.000915281 0)
(1.00067 0.000912348 0)
(1.00072 0.000911651 0)
(1.00075 0.000915449 0)
(1.00077 0.000923337 0)
(1.00079 0.000932839 0)
(1.00082 0.000934634 0)
(1.00088 0.000928937 0)
(1.00093 0.000928088 0)
(1.00095 0.000934497 0)
(1.00097 0.000938139 0)
(1.00102 0.000935991 0)
(1.00107 0.000934277 0)
(1.00111 0.000934804 0)
(1.00115 0.000933843 0)
(1.00119 0.000930817 0)
(1.00123 0.000928411 0)
(1.00128 0.000926316 0)
(1.00134 0.000920848 0)
(1.0014 0.000910404 0)
(1.00145 0.000898203 0)
(1.0015 0.000888613 0)
(1.00156 0.000881064 0)
(1.00164 0.000867631 0)
(1.00174 0.000836615 0)
(1.00184 0.000779265 0)
(1.00192 0.000694767 0)
(1.00197 0.000590652 0)
(1.00199 0.000479246 0)
(1.00198 0.000372893 0)
(1.00194 0.000280451 0)
(1.0019 0.000206071 0)
(1.00186 0.00014984 0)
(1.00182 0.000109309 0)
(1.00179 8.10116e-05 0)
(1.00176 6.15356e-05 0)
(1.00174 4.80405e-05 0)
(1.00172 3.84558e-05 0)
(1.0017 3.13682e-05 0)
(1.00169 2.59332e-05 0)
(1.00168 2.15927e-05 0)
(1.00167 1.80843e-05 0)
(1.00166 1.51482e-05 0)
(1.00165 1.27441e-05 0)
(1.00165 1.06712e-05 0)
(1.00164 8.9946e-06 0)
(1.00165 7.50957e-06 0)
(1.00163 6.32775e-06 0)
(1.00164 5.27647e-06 0)
(1.00162 4.40969e-06 0)
(1.00165 3.71797e-06 0)
(1.00161 3.01233e-06 0)
(1.00165 2.64752e-06 0)
(1.00159 1.99951e-06 0)
(1.00166 1.8926e-06 0)
(1.00159 1.3273e-06 0)
(1.00166 1.27881e-06 0)
(1.00158 9.91028e-07 0)
(1.00166 7.08335e-07 0)
(1.00158 8.85534e-07 0)
(1.00165 2.74122e-07 0)
(1.00159 7.6605e-07 0)
(1.00165 1.44599e-07 0)
(1.00159 5.27696e-07 0)
(1.00165 2.05249e-07 0)
(1.00158 4.48712e-07 0)
(1.00165 1.57467e-07 0)
(1.00158 6.82592e-07 0)
(1.00164 1.70439e-07 0)
(1.00157 9.44175e-07 0)
(1.00162 5.48704e-07 0)
(1.00153 1.42117e-06 0)
(0.999807 0.000450282 0)
(0.999763 0.000490488 0)
(0.9998 0.000511053 0)
(0.999858 0.000533601 0)
(0.999888 0.000566305 0)
(0.999883 0.000603745 0)
(0.999853 0.000653347 0)
(0.999874 0.000688938 0)
(0.999951 0.000705344 0)
(1.00003 0.000718362 0)
(1.00008 0.000731827 0)
(1.00007 0.000755958 0)
(1.00008 0.000776959 0)
(1.00016 0.000776532 0)
(1.00024 0.000769938 0)
(1.00027 0.000774068 0)
(1.00025 0.00079398 0)
(1.00025 0.000815606 0)
(1.00032 0.000816146 0)
(1.00038 0.0008136 0)
(1.00036 0.000835462 0)
(1.00037 0.000855377 0)
(1.00045 0.00084596 0)
(1.00051 0.000837257 0)
(1.00051 0.000849855 0)
(1.00053 0.000858352 0)
(1.00058 0.00085796 0)
(1.0006 0.000867632 0)
(1.00062 0.000877837 0)
(1.00067 0.000875759 0)
(1.00071 0.000872933 0)
(1.00075 0.000874115 0)
(1.00078 0.000875957 0)
(1.0008 0.000882759 0)
(1.00082 0.000889655 0)
(1.00087 0.000885569 0)
(1.00092 0.000878192 0)
(1.00095 0.000879985 0)
(1.00097 0.000884919 0)
(1.00101 0.000883443 0)
(1.00106 0.000878733 0)
(1.00111 0.000875752 0)
(1.00114 0.000872737 0)
(1.00118 0.000868341 0)
(1.00123 0.00086447 0)
(1.00128 0.000860567 0)
(1.00133 0.000852727 0)
(1.00138 0.000839373 0)
(1.00144 0.000823888 0)
(1.00149 0.000810448 0)
(1.00155 0.000798151 0)
(1.00162 0.000779394 0)
(1.0017 0.000743819 0)
(1.00178 0.000684683 0)
(1.00184 0.000603027 0)
(1.00189 0.000507218 0)
(1.00192 0.000408971 0)
(1.00192 0.000318781 0)
(1.0019 0.00024311 0)
(1.00188 0.000183944 0)
(1.00185 0.000139945 0)
(1.00181 0.000108126 0)
(1.00178 8.52181e-05 0)
(1.00176 6.84694e-05 0)
(1.00174 5.58736e-05 0)
(1.00172 4.61126e-05 0)
(1.0017 3.83334e-05 0)
(1.00169 3.20219e-05 0)
(1.00168 2.68124e-05 0)
(1.00167 2.25007e-05 0)
(1.00166 1.88789e-05 0)
(1.00165 1.58693e-05 0)
(1.00165 1.33099e-05 0)
(1.00164 1.11909e-05 0)
(1.00165 9.37131e-06 0)
(1.00163 7.86572e-06 0)
(1.00164 6.58324e-06 0)
(1.00162 5.48695e-06 0)
(1.00165 4.62082e-06 0)
(1.00161 3.77637e-06 0)
(1.00165 3.24828e-06 0)
(1.00159 2.55805e-06 0)
(1.00166 2.26981e-06 0)
(1.00159 1.74205e-06 0)
(1.00166 1.51439e-06 0)
(1.00158 1.27436e-06 0)
(1.00166 8.88124e-07 0)
(1.00158 1.03833e-06 0)
(1.00165 4.45241e-07 0)
(1.00159 8.27033e-07 0)
(1.00165 2.93426e-07 0)
(1.00159 5.68539e-07 0)
(1.00165 3.11267e-07 0)
(1.00158 4.84296e-07 0)
(1.00165 2.60801e-07 0)
(1.00158 6.78871e-07 0)
(1.00164 2.99818e-07 0)
(1.00157 9.10729e-07 0)
(1.00162 6.41699e-07 0)
(1.00153 1.31163e-06 0)
(0.999872 0.000426437 0)
(0.999817 0.000466616 0)
(0.99983 0.000492858 0)
(0.999891 0.000507555 0)
(0.999933 0.000529316 0)
(0.999946 0.000556303 0)
(0.999924 0.000598691 0)
(0.999925 0.000638986 0)
(0.999984 0.000660803 0)
(1.00006 0.000675633 0)
(1.00011 0.000686082 0)
(1.00011 0.000705895 0)
(1.0001 0.00073279 0)
(1.00016 0.000742064 0)
(1.00023 0.000738162 0)
(1.00027 0.000737062 0)
(1.00027 0.000748196 0)
(1.00027 0.000770373 0)
(1.00031 0.000778875 0)
(1.00038 0.000772477 0)
(1.00039 0.000784376 0)
(1.00038 0.000809966 0)
(1.00044 0.000812537 0)
(1.00051 0.000801142 0)
(1.00052 0.000808135 0)
(1.00054 0.000820097 0)
(1.00058 0.000818969 0)
(1.00061 0.000823706 0)
(1.00062 0.000836789 0)
(1.00066 0.000839492 0)
(1.00071 0.000837259 0)
(1.00074 0.000838925 0)
(1.00078 0.000838652 0)
(1.0008 0.000841701 0)
(1.00082 0.000851954 0)
(1.00086 0.000853908 0)
(1.00092 0.000844908 0)
(1.00095 0.000842348 0)
(1.00097 0.000848453 0)
(1.00101 0.000849795 0)
(1.00106 0.000844426 0)
(1.0011 0.000840344 0)
(1.00114 0.000838783 0)
(1.00118 0.000835735 0)
(1.00123 0.00083039 0)
(1.00127 0.000823882 0)
(1.00132 0.000815626 0)
(1.00137 0.000804648 0)
(1.00142 0.000791513 0)
(1.00148 0.000777069 0)
(1.00153 0.00076012 0)
(1.0016 0.00073684 0)
(1.00167 0.000702349 0)
(1.00174 0.00065325 0)
(1.0018 0.000589563 0)
(1.00184 0.000514997 0)
(1.00186 0.000435661 0)
(1.00187 0.00035808 0)
(1.00186 0.000287513 0)
(1.00184 0.000227107 0)
(1.00181 0.000177878 0)
(1.00179 0.00013923 0)
(1.00177 0.000109629 0)
(1.00175 8.72197e-05 0)
(1.00173 7.02374e-05 0)
(1.00171 5.72302e-05 0)
(1.0017 4.70901e-05 0)
(1.00168 3.90446e-05 0)
(1.00168 3.25393e-05 0)
(1.00167 2.72218e-05 0)
(1.00166 2.281e-05 0)
(1.00165 1.91486e-05 0)
(1.00165 1.60658e-05 0)
(1.00164 1.34928e-05 0)
(1.00164 1.13135e-05 0)
(1.00163 9.48179e-06 0)
(1.00164 7.94787e-06 0)
(1.00162 6.61975e-06 0)
(1.00165 5.56829e-06 0)
(1.0016 4.57458e-06 0)
(1.00165 3.88851e-06 0)
(1.00159 3.13084e-06 0)
(1.00166 2.68435e-06 0)
(1.00159 2.15818e-06 0)
(1.00166 1.78006e-06 0)
(1.00158 1.55935e-06 0)
(1.00166 1.08575e-06 0)
(1.00158 1.19378e-06 0)
(1.00165 6.28965e-07 0)
(1.00159 8.88724e-07 0)
(1.00165 4.49971e-07 0)
(1.00159 6.06605e-07 0)
(1.00165 4.12074e-07 0)
(1.00158 5.24e-07 0)
(1.00165 3.48127e-07 0)
(1.00158 6.81272e-07 0)
(1.00164 4.02055e-07 0)
(1.00157 8.82426e-07 0)
(1.00162 7.00255e-07 0)
(1.00153 1.21824e-06 0)
(0.999937 0.000400131 0)
(0.999889 0.000434716 0)
(0.999879 0.000469687 0)
(0.999926 0.000487566 0)
(0.999975 0.000504429 0)
(1 0.000524567 0)
(0.99999 0.000554327 0)
(0.999976 0.000591853 0)
(1.00001 0.000616724 0)
(1.00007 0.000630592 0)
(1.00012 0.000637745 0)
(1.00014 0.000649751 0)
(1.00014 0.000675814 0)
(1.00017 0.000694126 0)
(1.00023 0.000697022 0)
(1.00028 0.000697129 0)
(1.00029 0.00070346 0)
(1.00029 0.00072268 0)
(1.00031 0.000739132 0)
(1.00038 0.00073692 0)
(1.00041 0.000739018 0)
(1.0004 0.000760042 0)
(1.00043 0.000773006 0)
(1.0005 0.00076635 0)
(1.00053 0.000766842 0)
(1.00054 0.000779277 0)
(1.00058 0.000782517 0)
(1.00061 0.000783597 0)
(1.00063 0.000795121 0)
(1.00066 0.000802627 0)
(1.00071 0.000801994 0)
(1.00074 0.000803636 0)
(1.00077 0.000804225 0)
(1.00081 0.000804205 0)
(1.00083 0.000812075 0)
(1.00086 0.000818597 0)
(1.00091 0.000812906 0)
(1.00095 0.000806828 0)
(1.00098 0.000810312 0)
(1.00101 0.000813736 0)
(1.00105 0.000809779 0)
(1.0011 0.000804145 0)
(1.00114 0.000801005 0)
(1.00118 0.000797553 0)
(1.00122 0.000791813 0)
(1.00127 0.000784624 0)
(1.00131 0.000775918 0)
(1.00136 0.000764581 0)
(1.00141 0.000750506 0)
(1.00147 0.000734177 0)
(1.00152 0.000714684 0)
(1.00158 0.000689073 0)
(1.00164 0.000653614 0)
(1.00169 0.000605882 0)
(1.00174 0.000546317 0)
(1.00178 0.000478403 0)
(1.0018 0.000407489 0)
(1.00181 0.000339034 0)
(1.00181 0.000277205 0)
(1.0018 0.000224261 0)
(1.00179 0.000180693 0)
(1.00177 0.000145771 0)
(1.00175 0.000118164 0)
(1.00173 9.64177e-05 0)
(1.00172 7.92171e-05 0)
(1.0017 6.54967e-05 0)
(1.00169 5.44329e-05 0)
(1.00168 4.54222e-05 0)
(1.00167 3.80096e-05 0)
(1.00166 3.18736e-05 0)
(1.00166 2.67545e-05 0)
(1.00165 2.2477e-05 0)
(1.00165 1.8879e-05 0)
(1.00164 1.58563e-05 0)
(1.00164 1.33081e-05 0)
(1.00163 1.11519e-05 0)
(1.00164 9.35155e-06 0)
(1.00162 7.79663e-06 0)
(1.00164 6.54311e-06 0)
(1.0016 5.40556e-06 0)
(1.00165 4.551e-06 0)
(1.00159 3.7207e-06 0)
(1.00166 3.12531e-06 0)
(1.00159 2.57169e-06 0)
(1.00166 2.08093e-06 0)
(1.00158 1.82712e-06 0)
(1.00166 1.31601e-06 0)
(1.00158 1.33933e-06 0)
(1.00165 8.23697e-07 0)
(1.00159 9.57933e-07 0)
(1.00165 5.97519e-07 0)
(1.00159 6.58886e-07 0)
(1.00165 5.06673e-07 0)
(1.00158 5.70453e-07 0)
(1.00165 4.25951e-07 0)
(1.00158 6.94949e-07 0)
(1.00164 4.8067e-07 0)
(1.00157 8.6248e-07 0)
(1.00162 7.37423e-07 0)
(1.00153 1.13922e-06 0)
(0.999985 0.00038099 0)
(0.999954 0.000406472 0)
(0.999934 0.000440076 0)
(0.999958 0.000462052 0)
(1 0.00047659 0)
(1.00004 0.000491089 0)
(1.00004 0.00051022 0)
(1.00003 0.000541194 0)
(1.00005 0.000568325 0)
(1.00009 0.000585013 0)
(1.00014 0.000595978 0)
(1.00017 0.000605394 0)
(1.00017 0.000625156 0)
(1.00019 0.000646027 0)
(1.00023 0.00065439 0)
(1.00028 0.000656885 0)
(1.00031 0.000660917 0)
(1.00031 0.000673887 0)
(1.00033 0.00069166 0)
(1.00037 0.000696898 0)
(1.00042 0.000696211 0)
(1.00042 0.0007095 0)
(1.00044 0.000726619 0)
(1.00049 0.000728338 0)
(1.00053 0.000726261 0)
(1.00055 0.000735358 0)
(1.00058 0.000743152 0)
(1.00062 0.00074409 0)
(1.00064 0.000751214 0)
(1.00066 0.000760859 0)
(1.0007 0.00076301 0)
(1.00074 0.000764176 0)
(1.00077 0.000766602 0)
(1.00081 0.00076659 0)
(1.00083 0.000770329 0)
(1.00086 0.000777389 0)
(1.0009 0.00077648 0)
(1.00095 0.000770036 0)
(1.00098 0.000769609 0)
(1.00101 0.000772624 0)
(1.00105 0.000770244 0)
(1.00109 0.000764091 0)
(1.00113 0.000759454 0)
(1.00117 0.00075542 0)
(1.00121 0.000749053 0)
(1.00126 0.000740226 0)
(1.00131 0.000729576 0)
(1.00135 0.000716653 0)
(1.0014 0.000700934 0)
(1.00145 0.000682292 0)
(1.0015 0.000660143 0)
(1.00155 0.000633048 0)
(1.0016 0.000599302 0)
(1.00165 0.000557844 0)
(1.00169 0.000508941 0)
(1.00173 0.000454358 0)
(1.00175 0.000396968 0)
(1.00177 0.00034003 0)
(1.00177 0.000286442 0)
(1.00177 0.000238259 0)
(1.00176 0.000196544 0)
(1.00174 0.000161473 0)
(1.00173 0.000132592 0)
(1.00172 0.000109106 0)
(1.00171 9.01052e-05 0)
(1.00169 7.47251e-05 0)
(1.00168 6.22181e-05 0)
(1.00167 5.1983e-05 0)
(1.00167 4.35453e-05 0)
(1.00166 3.65473e-05 0)
(1.00165 3.07071e-05 0)
(1.00165 2.5816e-05 0)
(1.00165 2.17037e-05 0)
(1.00163 1.8238e-05 0)
(1.00164 1.53193e-05 0)
(1.00162 1.28432e-05 0)
(1.00164 1.07725e-05 0)
(1.00161 8.99204e-06 0)
(1.00164 7.53448e-06 0)
(1.0016 6.24891e-06 0)
(1.00165 5.23035e-06 0)
(1.00159 4.31491e-06 0)
(1.00166 3.58457e-06 0)
(1.00158 2.98262e-06 0)
(1.00166 2.39924e-06 0)
(1.00158 2.09062e-06 0)
(1.00166 1.55829e-06 0)
(1.00158 1.48512e-06 0)
(1.00165 1.01869e-06 0)
(1.00159 1.03657e-06 0)
(1.00165 7.35593e-07 0)
(1.00159 7.24667e-07 0)
(1.00165 5.87807e-07 0)
(1.00158 6.25694e-07 0)
(1.00165 4.9186e-07 0)
(1.00158 7.1037e-07 0)
(1.00164 5.41182e-07 0)
(1.00157 8.44322e-07 0)
(1.00162 7.55384e-07 0)
(1.00153 1.06813e-06 0)
(1.00002 0.000363498 0)
(1.00001 0.00038152 0)
(0.999993 0.000407972 0)
(0.999999 0.00043182 0)
(1.00003 0.00044831 0)
(1.00006 0.00046194 0)
(1.00008 0.000476397 0)
(1.00008 0.00049866 0)
(1.00009 0.000522682 0)
(1.00012 0.000540616 0)
(1.00015 0.000553353 0)
(1.00019 0.000561496 0)
(1.0002 0.000574657 0)
(1.00021 0.000593688 0)
(1.00024 0.000606682 0)
(1.00028 0.000613661 0)
(1.00031 0.000619077 0)
(1.00033 0.000627648 0)
(1.00034 0.000642615 0)
(1.00038 0.000653231 0)
(1.00042 0.000655005 0)
(1.00044 0.000662035 0)
(1.00045 0.000677011 0)
(1.00049 0.000684998 0)
(1.00053 0.000684862 0)
(1.00056 0.000690344 0)
(1.00058 0.000699624 0)
(1.00062 0.000703006 0)
(1.00064 0.000707182 0)
(1.00067 0.000716113 0)
(1.0007 0.00072089 0)
(1.00074 0.000722208 0)
(1.00077 0.000725219 0)
(1.0008 0.000726438 0)
(1.00084 0.000727302 0)
(1.00086 0.00073206 0)
(1.0009 0.000734173 0)
(1.00094 0.000729599 0)
(1.00098 0.000726069 0)
(1.00101 0.000726709 0)
(1.00104 0.00072521 0)
(1.00109 0.000719353 0)
(1.00113 0.00071294 0)
(1.00116 0.000707073 0)
(1.0012 0.000699635 0)
(1.00125 0.000689949 0)
(1.00129 0.000678771 0)
(1.00133 0.000666154 0)
(1.00138 0.000651524 0)
(1.00143 0.000634407 0)
(1.00147 0.000614137 0)
(1.00152 0.000589508 0)
(1.00157 0.000559149 0)
(1.00161 0.000522249 0)
(1.00165 0.000479079 0)
(1.00168 0.000431095 0)
(1.00171 0.000380639 0)
(1.00172 0.000330364 0)
(1.00173 0.000282642 0)
(1.00173 0.000239178 0)
(1.00173 0.00020089 0)
(1.00172 0.000168006 0)
(1.00171 0.000140259 0)
(1.0017 0.000117105 0)
(1.00169 9.78907e-05 0)
(1.00168 8.19705e-05 0)
(1.00167 6.8763e-05 0)
(1.00167 5.77759e-05 0)
(1.00166 4.86039e-05 0)
(1.00165 4.09219e-05 0)
(1.00165 3.44675e-05 0)
(1.00164 2.90308e-05 0)
(1.00164 2.44445e-05 0)
(1.00163 2.0565e-05 0)
(1.00164 1.72912e-05 0)
(1.00162 1.451e-05 0)
(1.00164 1.21747e-05 0)
(1.00161 1.01762e-05 0)
(1.00164 8.51844e-06 0)
(1.0016 7.08467e-06 0)
(1.00165 5.91074e-06 0)
(1.00159 4.89978e-06 0)
(1.00165 4.05168e-06 0)
(1.00158 3.3819e-06 0)
(1.00166 2.7271e-06 0)
(1.00158 2.34646e-06 0)
(1.00166 1.80202e-06 0)
(1.00158 1.6347e-06 0)
(1.00165 1.20295e-06 0)
(1.00159 1.12819e-06 0)
(1.00165 8.58664e-07 0)
(1.00159 7.9949e-07 0)
(1.00165 6.59379e-07 0)
(1.00158 6.82234e-07 0)
(1.00165 5.47459e-07 0)
(1.00158 7.25094e-07 0)
(1.00164 5.87766e-07 0)
(1.00157 8.2422e-07 0)
(1.00162 7.59565e-07 0)
(1.00153 1.00341e-06 0)
(1.00005 0.00034558 0)
(1.00005 0.000358318 0)
(1.00004 0.000377074 0)
(1.00004 0.00039885 0)
(1.00006 0.000416267 0)
(1.00009 0.000429868 0)
(1.00011 0.000441992 0)
(1.00012 0.00045725 0)
(1.00013 0.000477007 0)
(1.00015 0.000495058 0)
(1.00017 0.000508899 0)
(1.0002 0.000518885 0)
(1.00023 0.000529363 0)
(1.00024 0.000544365 0)
(1.00026 0.000558493 0)
(1.00029 0.000567921 0)
(1.00032 0.000574254 0)
(1.00035 0.000581193 0)
(1.00036 0.000592981 0)
(1.00039 0.000604859 0)
(1.00042 0.000610241 0)
(1.00045 0.000615286 0)
(1.00047 0.000626279 0)
(1.00049 0.000636313 0)
(1.00053 0.000639995 0)
(1.00056 0.000644322 0)
(1.00058 0.000652504 0)
(1.00062 0.000658004 0)
(1.00065 0.000661625 0)
(1.00067 0.00066839 0)
(1.0007 0.000674121 0)
(1.00074 0.000676467 0)
(1.00077 0.000679381 0)
(1.0008 0.000681586 0)
(1.00084 0.000681633 0)
(1.00086 0.000683535 0)
(1.0009 0.000685947 0)
(1.00094 0.00068363 0)
(1.00097 0.000679152 0)
(1.001 0.000677216 0)
(1.00104 0.000675411 0)
(1.00108 0.000670428 0)
(1.00112 0.000663974 0)
(1.00116 0.000658018 0)
(1.00119 0.000651519 0)
(1.00124 0.000643185 0)
(1.00128 0.000632993 0)
(1.00132 0.000620902 0)
(1.00136 0.000606326 0)
(1.00141 0.000588708 0)
(1.00145 0.000567669 0)
(1.00149 0.000542779 0)
(1.00153 0.000513606 0)
(1.00157 0.000480024 0)
(1.00161 0.000442433 0)
(1.00164 0.000401802 0)
(1.00166 0.000359538 0)
(1.00168 0.000317245 0)
(1.00169 0.000276452 0)
(1.00169 0.000238392 0)
(1.00169 0.000203889 0)
(1.00169 0.000173342 0)
(1.00169 0.000146794 0)
(1.00168 0.000124031 0)
(1.00168 0.000104692 0)
(1.00167 8.83481e-05 0)
(1.00166 7.45708e-05 0)
(1.00166 6.29627e-05 0)
(1.00165 5.31757e-05 0)
(1.00165 4.4913e-05 0)
(1.00165 3.79282e-05 0)
(1.00164 3.2014e-05 0)
(1.00164 2.70051e-05 0)
(1.00163 2.27537e-05 0)
(1.00164 1.91547e-05 0)
(1.00162 1.60932e-05 0)
(1.00164 1.35111e-05 0)
(1.00161 1.13079e-05 0)
(1.00164 9.46281e-06 0)
(1.0016 7.88529e-06 0)
(1.00165 6.56892e-06 0)
(1.00159 5.45876e-06 0)
(1.00165 4.50781e-06 0)
(1.00158 3.76178e-06 0)
(1.00166 3.04846e-06 0)
(1.00158 2.59125e-06 0)
(1.00166 2.03623e-06 0)
(1.00158 1.78451e-06 0)
(1.00165 1.37145e-06 0)
(1.00159 1.22708e-06 0)
(1.00165 9.65893e-07 0)
(1.00159 8.7765e-07 0)
(1.00165 7.22332e-07 0)
(1.00158 7.33256e-07 0)
(1.00165 5.96435e-07 0)
(1.00158 7.34637e-07 0)
(1.00164 6.20924e-07 0)
(1.00157 8.01704e-07 0)
(1.00162 7.52479e-07 0)
(1.00153 9.41832e-07 0)
(1.00007 0.000324481 0)
(1.00008 0.000334975 0)
(1.00008 0.000349027 0)
(1.00009 0.000366424 0)
(1.0001 0.000382553 0)
(1.00012 0.000396229 0)
(1.00014 0.000407894 0)
(1.00015 0.000419997 0)
(1.00016 0.000435143 0)
(1.00018 0.000450483 0)
(1.0002 0.000464001 0)
(1.00022 0.000475147 0)
(1.00024 0.00048454 0)
(1.00026 0.000496092 0)
(1.00028 0.000508826 0)
(1.0003 0.000519028 0)
(1.00033 0.000527228 0)
(1.00036 0.000534922 0)
(1.00038 0.000543881 0)
(1.0004 0.000554036 0)
(1.00043 0.000561961 0)
(1.00046 0.000567922 0)
(1.00048 0.000575849 0)
(1.0005 0.000584983 0)
(1.00053 0.00059138 0)
(1.00056 0.000596088 0)
(1.00059 0.000602436 0)
(1.00062 0.00060877 0)
(1.00065 0.000613296 0)
(1.00068 0.000618322 0)
(1.0007 0.000623578 0)
(1.00074 0.00062692 0)
(1.00077 0.000629625 0)
(1.0008 0.00063187 0)
(1.00083 0.000632206 0)
(1.00086 0.000632653 0)
(1.00089 0.00063418 0)
(1.00093 0.000633479 0)
(1.00097 0.000630107 0)
(1.001 0.000627433 0)
(1.00103 0.000625649 0)
(1.00107 0.000622117 0)
(1.00111 0.000616523 0)
(1.00115 0.000610153 0)
(1.00119 0.000602825 0)
(1.00122 0.00059356 0)
(1.00126 0.000582209 0)
(1.0013 0.000569051 0)
(1.00134 0.000554033 0)
(1.00138 0.000536889 0)
(1.00142 0.000517347 0)
(1.00146 0.000495074 0)
(1.0015 0.000469688 0)
(1.00154 0.000440987 0)
(1.00157 0.000409142 0)
(1.0016 0.000374765 0)
(1.00162 0.000338837 0)
(1.00164 0.000302545 0)
(1.00165 0.000267082 0)
(1.00166 0.000233465 0)
(1.00166 0.000202434 0)
(1.00167 0.000174415 0)
(1.00166 0.000149563 0)
(1.00166 0.000127816 0)
(1.00166 0.000108973 0)
(1.00166 9.27585e-05 0)
(1.00165 7.88662e-05 0)
(1.00165 6.69952e-05 0)
(1.00165 5.68665e-05 0)
(1.00164 4.82297e-05 0)
(1.00164 4.0869e-05 0)
(1.00163 3.45943e-05 0)
(1.00164 2.92506e-05 0)
(1.00163 2.46952e-05 0)
(1.00163 2.08225e-05 0)
(1.00162 1.75209e-05 0)
(1.00164 1.47239e-05 0)
(1.00161 1.23395e-05 0)
(1.00164 1.0329e-05 0)
(1.0016 8.61934e-06 0)
(1.00165 7.1783e-06 0)
(1.00159 5.97207e-06 0)
(1.00165 4.93343e-06 0)
(1.00158 4.11104e-06 0)
(1.00166 3.34811e-06 0)
(1.00158 2.81914e-06 0)
(1.00166 2.25027e-06 0)
(1.00158 1.92919e-06 0)
(1.00165 1.52004e-06 0)
(1.00159 1.32529e-06 0)
(1.00165 1.05858e-06 0)
(1.00159 9.50647e-07 0)
(1.00165 7.78006e-07 0)
(1.00158 7.74852e-07 0)
(1.00165 6.3785e-07 0)
(1.00158 7.37136e-07 0)
(1.00164 6.41486e-07 0)
(1.00157 7.75779e-07 0)
(1.00162 7.34949e-07 0)
(1.00153 8.8098e-07 0)
(1.00009 0.000300011 0)
(1.00011 0.000309676 0)
(1.00011 0.000320524 0)
(1.00012 0.000333384 0)
(1.00013 0.000347091 0)
(1.00014 0.000359801 0)
(1.00016 0.000371061 0)
(1.00018 0.000381751 0)
(1.00019 0.000393511 0)
(1.0002 0.000406352 0)
(1.00022 0.000418784 0)
(1.00024 0.000429587 0)
(1.00026 0.00043889 0)
(1.00028 0.000448575 0)
(1.0003 0.00045915 0)
(1.00032 0.000469354 0)
(1.00034 0.000478415 0)
(1.00037 0.000485913 0)
(1.00039 0.000493318 0)
(1.00041 0.000502364 0)
(1.00044 0.000511006 0)
(1.00046 0.000517368 0)
(1.00049 0.000523681 0)
(1.00051 0.000531586 0)
(1.00054 0.000538888 0)
(1.00057 0.000544238 0)
(1.00059 0.000549762 0)
(1.00062 0.000556012 0)
(1.00065 0.000560971 0)
(1.00068 0.000565077 0)
(1.0007 0.000569698 0)
(1.00074 0.00057371 0)
(1.00077 0.000576496 0)
(1.0008 0.000578689 0)
(1.00083 0.000579968 0)
(1.00086 0.000580636 0)
(1.00089 0.000581608 0)
(1.00093 0.000581693 0)
(1.00096 0.000579583 0)
(1.001 0.000576478 0)
(1.00103 0.000573345 0)
(1.00106 0.000569048 0)
(1.0011 0.000562865 0)
(1.00114 0.000555571 0)
(1.00117 0.000547649 0)
(1.00121 0.000538702 0)
(1.00125 0.00052839 0)
(1.00129 0.000516667 0)
(1.00132 0.000503343 0)
(1.00136 0.000488041 0)
(1.0014 0.000470436 0)
(1.00143 0.000450318 0)
(1.00147 0.000427577 0)
(1.0015 0.000402256 0)
(1.00153 0.000374627 0)
(1.00156 0.000345196 0)
(1.00158 0.000314658 0)
(1.0016 0.000283816 0)
(1.00162 0.000253477 0)
(1.00163 0.000224362 0)
(1.00163 0.000197042 0)
(1.00164 0.000171902 0)
(1.00164 0.000149148 0)
(1.00164 0.000128833 0)
(1.00164 0.000110891 0)
(1.00164 9.51763e-05 0)
(1.00164 8.15004e-05 0)
(1.00164 6.96532e-05 0)
(1.00164 5.94256e-05 0)
(1.00163 5.06174e-05 0)
(1.00163 4.30474e-05 0)
(1.00163 3.65491e-05 0)
(1.00163 3.09819e-05 0)
(1.00162 2.62136e-05 0)
(1.00163 2.21415e-05 0)
(1.00162 1.86606e-05 0)
(1.00163 1.56994e-05 0)
(1.00161 1.31738e-05 0)
(1.00164 1.10339e-05 0)
(1.0016 9.21754e-06 0)
(1.00165 7.67881e-06 0)
(1.00159 6.39194e-06 0)
(1.00165 5.28536e-06 0)
(1.00158 4.39761e-06 0)
(1.00166 3.59595e-06 0)
(1.00158 3.00802e-06 0)
(1.00166 2.42498e-06 0)
(1.00158 2.05178e-06 0)
(1.00165 1.63849e-06 0)
(1.00159 1.40884e-06 0)
(1.00165 1.13183e-06 0)
(1.00159 1.00805e-06 0)
(1.00165 8.22447e-07 0)
(1.00158 8.01576e-07 0)
(1.00165 6.67328e-07 0)
(1.00158 7.30735e-07 0)
(1.00164 6.47597e-07 0)
(1.00157 7.4395e-07 0)
(1.00162 7.0708e-07 0)
(1.00153 8.18031e-07 0)
(1.00012 0.000271863 0)
(1.00013 0.000280936 0)
(1.00014 0.000290136 0)
(1.00015 0.000300393 0)
(1.00016 0.000311536 0)
(1.00017 0.000322494 0)
(1.00018 0.000332805 0)
(1.0002 0.00034244 0)
(1.00021 0.000352243 0)
(1.00023 0.000362684 0)
(1.00024 0.00037303 0)
(1.00026 0.000382847 0)
(1.00028 0.000391883 0)
(1.0003 0.000400534 0)
(1.00031 0.000409722 0)
(1.00033 0.000418876 0)
(1.00035 0.00042696 0)
(1.00038 0.000434283 0)
(1.0004 0.00044173 0)
(1.00042 0.000449579 0)
(1.00044 0.000457036 0)
(1.00047 0.000463501 0)
(1.00049 0.000469776 0)
(1.00052 0.000476558 0)
(1.00054 0.000483085 0)
(1.00057 0.000488752 0)
(1.0006 0.000494291 0)
(1.00062 0.00049991 0)
(1.00065 0.000504734 0)
(1.00068 0.000509053 0)
(1.0007 0.000513709 0)
(1.00073 0.000517889 0)
(1.00076 0.000520846 0)
(1.0008 0.000523203 0)
(1.00083 0.000524936 0)
(1.00086 0.000525525 0)
(1.00089 0.000525399 0)
(1.00092 0.000524609 0)
(1.00095 0.000522382 0)
(1.00099 0.000518935 0)
(1.00102 0.000515186 0)
(1.00105 0.000511049 0)
(1.00109 0.000505906 0)
(1.00113 0.000499765 0)
(1.00116 0.000492821 0)
(1.0012 0.000484816 0)
(1.00123 0.000475375 0)
(1.00127 0.000464375 0)
(1.0013 0.000451782 0)
(1.00134 0.000437496 0)
(1.00137 0.000421411 0)
(1.00141 0.00040347 0)
(1.00144 0.000383659 0)
(1.00147 0.000362025 0)
(1.0015 0.000338734 0)
(1.00152 0.000314096 0)
(1.00155 0.000288557 0)
(1.00157 0.000262654 0)
(1.00158 0.000236956 0)
(1.00159 0.000212001 0)
(1.0016 0.000188249 0)
(1.00161 0.000166044 0)
(1.00162 0.000145608 0)
(1.00162 0.000127051 0)
(1.00162 0.000110387 0)
(1.00163 9.55576e-05 0)
(1.00163 8.24589e-05 0)
(1.00163 7.09566e-05 0)
(1.00163 6.09044e-05 0)
(1.00162 5.21523e-05 0)
(1.00163 4.45578e-05 0)
(1.00162 3.79838e-05 0)
(1.00163 3.23097e-05 0)
(1.00162 2.74197e-05 0)
(1.00163 2.32192e-05 0)
(1.00161 1.96131e-05 0)
(1.00163 1.65304e-05 0)
(1.00161 1.38946e-05 0)
(1.00164 1.16515e-05 0)
(1.0016 9.74534e-06 0)
(1.00164 8.1253e-06 0)
(1.00159 6.767e-06 0)
(1.00165 5.60215e-06 0)
(1.00158 4.65586e-06 0)
(1.00166 3.81847e-06 0)
(1.00158 3.18003e-06 0)
(1.00166 2.57925e-06 0)
(1.00158 2.1644e-06 0)
(1.00165 1.74106e-06 0)
(1.00159 1.48345e-06 0)
(1.00165 1.19498e-06 0)
(1.00159 1.05425e-06 0)
(1.00165 8.59859e-07 0)
(1.00158 8.17744e-07 0)
(1.00165 6.86621e-07 0)
(1.00158 7.17603e-07 0)
(1.00164 6.41368e-07 0)
(1.00157 7.06753e-07 0)
(1.00162 6.71e-07 0)
(1.00153 7.52217e-07 0)
(1.00014 0.000241515 0)
(1.00015 0.000249498 0)
(1.00016 0.000257451 0)
(1.00017 0.000265762 0)
(1.00018 0.000274592 0)
(1.00019 0.00028369 0)
(1.0002 0.000292637 0)
(1.00022 0.00030121 0)
(1.00023 0.000309591 0)
(1.00025 0.000318101 0)
(1.00026 0.00032681 0)
(1.00028 0.000335493 0)
(1.00029 0.000343775 0)
(1.00031 0.000351644 0)
(1.00033 0.000359366 0)
(1.00035 0.000366949 0)
(1.00037 0.000374437 0)
(1.00039 0.000381738 0)
(1.00041 0.000388434 0)
(1.00043 0.00039473 0)
(1.00045 0.000401193 0)
(1.00047 0.000407656 0)
(1.0005 0.000413742 0)
(1.00052 0.000419664 0)
(1.00055 0.000425699 0)
(1.00057 0.000431545 0)
(1.0006 0.000436844 0)
(1.00062 0.000441812 0)
(1.00065 0.000446712 0)
(1.00068 0.000451385 0)
(1.00071 0.000455558 0)
(1.00073 0.000458985 0)
(1.00076 0.000461599 0)
(1.00079 0.00046355 0)
(1.00082 0.000464722 0)
(1.00085 0.000464902 0)
(1.00088 0.000464424 0)
(1.00092 0.000463592 0)
(1.00095 0.000462042 0)
(1.00098 0.000459525 0)
(1.00101 0.000456332 0)
(1.00105 0.000452537 0)
(1.00108 0.000447779 0)
(1.00111 0.000441891 0)
(1.00115 0.000435004 0)
(1.00118 0.000427154 0)
(1.00122 0.00041822 0)
(1.00125 0.000408123 0)
(1.00128 0.000396829 0)
(1.00132 0.000384259 0)
(1.00135 0.000370307 0)
(1.00138 0.000354899 0)
(1.00141 0.00033802 0)
(1.00144 0.000319727 0)
(1.00147 0.000300162 0)
(1.00149 0.000279565 0)
(1.00151 0.000258259 0)
(1.00153 0.000236626 0)
(1.00155 0.000215071 0)
(1.00157 0.000193982 0)
(1.00158 0.000173707 0)
(1.00159 0.000154524 0)
(1.0016 0.000136636 0)
(1.0016 0.000120167 0)
(1.00161 0.000105175 0)
(1.00161 9.16574e-05 0)
(1.00161 7.95693e-05 0)
(1.00161 6.88342e-05 0)
(1.00162 5.93574e-05 0)
(1.00162 5.10324e-05 0)
(1.00162 4.37522e-05 0)
(1.00162 3.74082e-05 0)
(1.00162 3.19008e-05 0)
(1.00161 2.71319e-05 0)
(1.00162 2.30177e-05 0)
(1.00161 1.94742e-05 0)
(1.00163 1.64349e-05 0)
(1.0016 1.38311e-05 0)
(1.00164 1.16092e-05 0)
(1.0016 9.7185e-06 0)
(1.00164 8.10927e-06 0)
(1.00159 6.7565e-06 0)
(1.00165 5.59938e-06 0)
(1.00158 4.65102e-06 0)
(1.00166 3.82242e-06 0)
(1.00158 3.17599e-06 0)
(1.00165 2.58542e-06 0)
(1.00158 2.16045e-06 0)
(1.00165 1.7452e-06 0)
(1.00159 1.47947e-06 0)
(1.00165 1.19469e-06 0)
(1.00159 1.04622e-06 0)
(1.00165 8.55476e-07 0)
(1.00158 7.97957e-07 0)
(1.00165 6.74745e-07 0)
(1.00158 6.81975e-07 0)
(1.00164 6.11867e-07 0)
(1.00157 6.53875e-07 0)
(1.00162 6.19809e-07 0)
(1.00153 6.76843e-07 0)
(1.00016 0.000207264 0)
(1.00017 0.000214094 0)
(1.00018 0.000220967 0)
(1.00019 0.000227964 0)
(1.0002 0.000235206 0)
(1.00021 0.000242621 0)
(1.00022 0.000250025 0)
(1.00023 0.000257299 0)
(1.00025 0.000264462 0)
(1.00026 0.000271698 0)
(1.00028 0.00027905 0)
(1.00029 0.000286341 0)
(1.00031 0.000293413 0)
(1.00032 0.000300211 0)
(1.00034 0.000306899 0)
(1.00036 0.000313672 0)
(1.00038 0.000320354 0)
(1.0004 0.000326629 0)
(1.00042 0.000332578 0)
(1.00044 0.000338574 0)
(1.00046 0.000344683 0)
(1.00048 0.000350602 0)
(1.0005 0.000356247 0)
(1.00053 0.000361905 0)
(1.00055 0.000367643 0)
(1.00058 0.000373104 0)
(1.0006 0.000378143 0)
(1.00063 0.000383067 0)
(1.00065 0.000387871 0)
(1.00068 0.000392082 0)
(1.0007 0.000395601 0)
(1.00073 0.000398743 0)
(1.00076 0.000401518 0)
(1.00079 0.000403718 0)
(1.00082 0.000405278 0)
(1.00085 0.000406183 0)
(1.00088 0.000406423 0)
(1.00091 0.00040602 0)
(1.00094 0.000404844 0)
(1.00097 0.00040274 0)
(1.00101 0.000399807 0)
(1.00104 0.000396211 0)
(1.00107 0.000391915 0)
(1.0011 0.000386822 0)
(1.00113 0.000380945 0)
(1.00117 0.000374288 0)
(1.0012 0.000366756 0)
(1.00123 0.000358237 0)
(1.00126 0.000348664 0)
(1.0013 0.000337988 0)
(1.00133 0.000326163 0)
(1.00136 0.000313172 0)
(1.00139 0.000299037 0)
(1.00141 0.000283823 0)
(1.00144 0.000267643 0)
(1.00146 0.000250663 0)
(1.00149 0.000233102 0)
(1.00151 0.000215217 0)
(1.00152 0.000197284 0)
(1.00154 0.000179583 0)
(1.00155 0.000162373 0)
(1.00156 0.000145879 0)
(1.00157 0.000130279 0)
(1.00158 0.000115701 0)
(1.00159 0.000102228 0)
(1.00159 8.98948e-05 0)
(1.0016 7.8702e-05 0)
(1.0016 6.86204e-05 0)
(1.00161 5.96008e-05 0)
(1.00161 5.15783e-05 0)
(1.00161 4.44816e-05 0)
(1.00161 3.82325e-05 0)
(1.00162 3.27555e-05 0)
(1.00161 2.79728e-05 0)
(1.00162 2.38148e-05 0)
(1.00161 2.02102e-05 0)
(1.00163 1.70996e-05 0)
(1.0016 1.44217e-05 0)
(1.00163 1.2126e-05 0)
(1.00159 1.01651e-05 0)
(1.00164 8.49175e-06 0)
(1.00159 7.07902e-06 0)
(1.00165 5.87207e-06 0)
(1.00158 4.87454e-06 0)
(1.00165 4.01088e-06 0)
(1.00158 3.32485e-06 0)
(1.00165 2.71136e-06 0)
(1.00158 2.25542e-06 0)
(1.00165 1.82494e-06 0)
(1.00159 1.5358e-06 0)
(1.00165 1.24049e-06 0)
(1.00159 1.07215e-06 0)
(1.00165 8.75881e-07 0)
(1.00158 7.96732e-07 0)
(1.00165 6.72339e-07 0)
(1.00158 6.55985e-07 0)
(1.00164 5.84108e-07 0)
(1.00157 6.04187e-07 0)
(1.00162 5.68007e-07 0)
(1.00153 6.03717e-07 0)
(1.00017 0.000166903 0)
(1.00018 0.000172236 0)
(1.00019 0.000177583 0)
(1.0002 0.000182951 0)
(1.00021 0.000188401 0)
(1.00023 0.000193971 0)
(1.00024 0.000199633 0)
(1.00025 0.000205314 0)
(1.00026 0.000210952 0)
(1.00028 0.000216539 0)
(1.00029 0.000222095 0)
(1.00031 0.000227637 0)
(1.00032 0.000233148 0)
(1.00034 0.000238575 0)
(1.00035 0.000243893 0)
(1.00037 0.000249091 0)
(1.00039 0.000254159 0)
(1.00041 0.00025917 0)
(1.00043 0.000264156 0)
(1.00045 0.000269043 0)
(1.00047 0.000273824 0)
(1.00049 0.000278566 0)
(1.00051 0.00028324 0)
(1.00053 0.000287741 0)
(1.00056 0.000292036 0)
(1.00058 0.000296211 0)
(1.0006 0.000300325 0)
(1.00063 0.000304275 0)
(1.00065 0.000307902 0)
(1.00068 0.000311194 0)
(1.00071 0.000314259 0)
(1.00073 0.000317068 0)
(1.00076 0.000319405 0)
(1.00079 0.000321133 0)
(1.00082 0.000322275 0)
(1.00085 0.000322818 0)
(1.00088 0.000322707 0)
(1.00091 0.000321988 0)
(1.00094 0.000320719 0)
(1.00097 0.000318872 0)
(1.001 0.000316435 0)
(1.00103 0.000313462 0)
(1.00106 0.000309949 0)
(1.00109 0.000305823 0)
(1.00112 0.000301038 0)
(1.00116 0.000295583 0)
(1.00119 0.00028943 0)
(1.00122 0.000282533 0)
(1.00125 0.000274859 0)
(1.00128 0.000266387 0)
(1.00131 0.000257103 0)
(1.00134 0.000246999 0)
(1.00136 0.000236093 0)
(1.00139 0.000224429 0)
(1.00141 0.000212086 0)
(1.00144 0.000199174 0)
(1.00146 0.000185839 0)
(1.00148 0.000172249 0)
(1.0015 0.000158591 0)
(1.00151 0.000145054 0)
(1.00153 0.000131817 0)
(1.00154 0.000119042 0)
(1.00155 0.000106866 0)
(1.00156 9.53942e-05 0)
(1.00157 8.47e-05 0)
(1.00158 7.48276e-05 0)
(1.00158 6.57943e-05 0)
(1.00159 5.75943e-05 0)
(1.00159 5.02049e-05 0)
(1.0016 4.35889e-05 0)
(1.0016 3.7701e-05 0)
(1.0016 3.24886e-05 0)
(1.00161 2.78983e-05 0)
(1.0016 2.38731e-05 0)
(1.00162 2.03607e-05 0)
(1.0016 1.73061e-05 0)
(1.00162 1.46626e-05 0)
(1.0016 1.23813e-05 0)
(1.00163 1.04215e-05 0)
(1.00159 8.74417e-06 0)
(1.00164 7.31118e-06 0)
(1.00159 6.09841e-06 0)
(1.00165 5.06301e-06 0)
(1.00158 4.20351e-06 0)
(1.00165 3.46249e-06 0)
(1.00158 2.86883e-06 0)
(1.00165 2.34292e-06 0)
(1.00158 1.94647e-06 0)
(1.00165 1.57777e-06 0)
(1.00159 1.32475e-06 0)
(1.00165 1.07222e-06 0)
(1.00159 9.22308e-07 0)
(1.00165 7.55902e-07 0)
(1.00158 6.80427e-07 0)
(1.00165 5.76558e-07 0)
(1.00158 5.53227e-07 0)
(1.00164 4.93127e-07 0)
(1.00157 5.00417e-07 0)
(1.00162 4.69497e-07 0)
(1.00153 4.88538e-07 0)
(1.00019 0.000140942 0)
(1.00019 0.000145375 0)
(1.0002 0.000149898 0)
(1.00021 0.000154499 0)
(1.00023 0.000159183 0)
(1.00024 0.000163952 0)
(1.00025 0.000168786 0)
(1.00026 0.000173648 0)
(1.00027 0.000178507 0)
(1.00029 0.000183357 0)
(1.0003 0.000188217 0)
(1.00031 0.00019309 0)
(1.00033 0.000197949 0)
(1.00035 0.00020276 0)
(1.00036 0.000207508 0)
(1.00038 0.000212219 0)
(1.0004 0.000216927 0)
(1.00041 0.000221611 0)
(1.00043 0.000226218 0)
(1.00045 0.000230737 0)
(1.00047 0.000235206 0)
(1.00049 0.000239632 0)
(1.00051 0.000243979 0)
(1.00053 0.000248256 0)
(1.00056 0.000252526 0)
(1.00058 0.000256784 0)
(1.0006 0.000260911 0)
(1.00063 0.000264812 0)
(1.00065 0.000268511 0)
(1.00068 0.000272012 0)
(1.0007 0.000275203 0)
(1.00073 0.000277969 0)
(1.00076 0.000280286 0)
(1.00079 0.000282158 0)
(1.00081 0.000283561 0)
(1.00084 0.000284457 0)
(1.00087 0.000284819 0)
(1.0009 0.000284658 0)
(1.00093 0.000283985 0)
(1.00096 0.000282779 0)
(1.00099 0.000281017 0)
(1.00102 0.00027871 0)
(1.00105 0.000275874 0)
(1.00108 0.000272492 0)
(1.00111 0.000268541 0)
(1.00114 0.000264009 0)
(1.00117 0.000258876 0)
(1.0012 0.000253115 0)
(1.00123 0.000246694 0)
(1.00126 0.000239595 0)
(1.00129 0.000231807 0)
(1.00132 0.000223331 0)
(1.00135 0.000214183 0)
(1.00137 0.000204401 0)
(1.0014 0.000194045 0)
(1.00142 0.000183197 0)
(1.00144 0.000171959 0)
(1.00146 0.000160454 0)
(1.00148 0.000148814 0)
(1.0015 0.000137181 0)
(1.00151 0.000125692 0)
(1.00153 0.000114478 0)
(1.00154 0.000103656 0)
(1.00155 9.33243e-05 0)
(1.00156 8.35608e-05 0)
(1.00157 7.44223e-05 0)
(1.00157 6.59455e-05 0)
(1.00158 5.81476e-05 0)
(1.00159 5.10304e-05 0)
(1.00159 4.45806e-05 0)
(1.0016 3.87758e-05 0)
(1.0016 3.35831e-05 0)
(1.0016 2.8967e-05 0)
(1.0016 2.48841e-05 0)
(1.00161 2.12946e-05 0)
(1.0016 1.81511e-05 0)
(1.00162 1.54156e-05 0)
(1.0016 1.30416e-05 0)
(1.00163 1.0995e-05 0)
(1.00159 9.23445e-06 0)
(1.00164 7.72881e-06 0)
(1.00158 6.44747e-06 0)
(1.00165 5.3559e-06 0)
(1.00158 4.44271e-06 0)
(1.00165 3.6605e-06 0)
(1.00158 3.02644e-06 0)
(1.00165 2.4711e-06 0)
(1.00158 2.04513e-06 0)
(1.00165 1.6554e-06 0)
(1.00159 1.38064e-06 0)
(1.00165 1.11361e-06 0)
(1.00159 9.46013e-07 0)
(1.00165 7.70855e-07 0)
(1.00158 6.79232e-07 0)
(1.00165 5.70904e-07 0)
(1.00158 5.33363e-07 0)
(1.00164 4.7049e-07 0)
(1.00157 4.6501e-07 0)
(1.00162 4.31373e-07 0)
(1.00153 4.35395e-07 0)
(1.0002 6.87263e-05 0)
(1.00021 7.09772e-05 0)
(1.00022 7.32979e-05 0)
(1.00023 7.56764e-05 0)
(1.00024 7.8104e-05 0)
(1.00025 8.05759e-05 0)
(1.00026 8.30878e-05 0)
(1.00028 8.56328e-05 0)
(1.00029 8.82016e-05 0)
(1.0003 9.07863e-05 0)
(1.00031 9.3382e-05 0)
(1.00033 9.59853e-05 0)
(1.00034 9.85954e-05 0)
(1.00036 0.000101211 0)
(1.00037 0.00010383 0)
(1.00039 0.000106452 0)
(1.00041 0.000109068 0)
(1.00043 0.000111673 0)
(1.00044 0.000114272 0)
(1.00046 0.000116872 0)
(1.00048 0.000119474 0)
(1.0005 0.000122082 0)
(1.00052 0.000124703 0)
(1.00054 0.000127332 0)
(1.00057 0.000129942 0)
(1.00059 0.000132493 0)
(1.00061 0.000134969 0)
(1.00063 0.00013738 0)
(1.00066 0.000139716 0)
(1.00068 0.000141927 0)
(1.00071 0.000143968 0)
(1.00074 0.00014583 0)
(1.00076 0.000147513 0)
(1.00079 0.00014898 0)
(1.00082 0.000150192 0)
(1.00084 0.000151128 0)
(1.00087 0.00015178 0)
(1.0009 0.000152139 0)
(1.00093 0.000152207 0)
(1.00096 0.000151985 0)
(1.00099 0.00015147 0)
(1.00102 0.000150666 0)
(1.00105 0.000149574 0)
(1.00108 0.000148188 0)
(1.0011 0.000146493 0)
(1.00113 0.000144475 0)
(1.00116 0.000142122 0)
(1.00119 0.00013942 0)
(1.00122 0.000136354 0)
(1.00125 0.000132915 0)
(1.00127 0.000129096 0)
(1.0013 0.000124899 0)
(1.00133 0.000120329 0)
(1.00135 0.000115402 0)
(1.00137 0.000110143 0)
(1.0014 0.000104588 0)
(1.00142 9.87829e-05 0)
(1.00144 9.27839e-05 0)
(1.00146 8.66538e-05 0)
(1.00147 8.04604e-05 0)
(1.00149 7.42736e-05 0)
(1.0015 6.81619e-05 0)
(1.00152 6.21895e-05 0)
(1.00153 5.64144e-05 0)
(1.00154 5.08863e-05 0)
(1.00155 4.56455e-05 0)
(1.00156 4.07227e-05 0)
(1.00157 3.61387e-05 0)
(1.00157 3.19058e-05 0)
(1.00158 2.80272e-05 0)
(1.00159 2.45003e-05 0)
(1.00159 2.13149e-05 0)
(1.0016 1.84585e-05 0)
(1.00159 1.59117e-05 0)
(1.00161 1.36569e-05 0)
(1.00159 1.16695e-05 0)
(1.00162 9.9309e-06 0)
(1.00159 8.41439e-06 0)
(1.00163 7.10234e-06 0)
(1.00159 5.96915e-06 0)
(1.00164 4.99827e-06 0)
(1.00158 4.169e-06 0)
(1.00165 3.46277e-06 0)
(1.00158 2.8694e-06 0)
(1.00165 2.36267e-06 0)
(1.00158 1.94924e-06 0)
(1.00165 1.58946e-06 0)
(1.00158 1.31042e-06 0)
(1.00165 1.05801e-06 0)
(1.00158 8.76372e-07 0)
(1.00165 7.03343e-07 0)
(1.00159 5.90147e-07 0)
(1.00165 4.76325e-07 0)
(1.00158 4.1138e-07 0)
(1.00165 3.40377e-07 0)
(1.00158 3.10152e-07 0)
(1.00164 2.68321e-07 0)
(1.00157 2.59122e-07 0)
(1.00162 2.36316e-07 0)
(1.00153 2.33575e-07 0)
)
;

boundaryField
{
    zeroGradientPlanes
    {
        type            zeroGradient;
    }
    inlet
    {
        type            fixedValue;
        value           uniform (1 0 0);
    }
    plate
    {
        type            noSlip;
    }
    frontAndBack
    {
        type            empty;
    }
}


// ************************************************************************* //
